# BEGIN PLOT
XTwosidedTicks=1
YTwosidedTicks=1
Title=Differential $8 \to 9$ jet resolution in $W^++$jets
RatioPlotReference=//home/hschulz/tex/HPC_Merging/8240/Wp_maxjet_9/Wp_max_9.yoda/PP_JetRates/log10_d_89
YLabel=$\text{d}\sigma/\text{d}\log_{10}(d_{89}/\text{GeV})$ [pb]
RatioPlot=1
LogY=1
XMin=0
XMax=1.8
LegendXPos=0.775
LegendYPos=0.925
YMin=4e-3
YMax=4e4
RatioPlotYLabel=Fraction
RatioPlotYMin=0
RatioPlotYMax=1
LegendOnly=//home/hschulz/tex/HPC_Merging/8240/Wp_maxjet_9/Wp_max_9.yoda/PP_JetRates/log10_d_89 //home/hschulz/tex/HPC_Merging/8240/Wp_maxjet_9/h0Wp0-g0-repack.hdf5.yoda/PP_JetRates/log10_d_89 //home/hschulz/tex/HPC_Merging/8240/Wp_maxjet_9/h0Wp2-g0-repack.hdf5.yoda/PP_JetRates/log10_d_89 //home/hschulz/tex/HPC_Merging/8240/Wp_maxjet_9/h0Wp4-g0-repack.hdf5.yoda/PP_JetRates/log10_d_89 //home/hschulz/tex/HPC_Merging/8240/Wp_maxjet_9/h0Wp6-g0-repack.hdf5.yoda/PP_JetRates/log10_d_89 //home/hschulz/tex/HPC_Merging/8240/Wp_maxjet_9/Wp8.yoda/PP_JetRates/log10_d_89
XLabel=$\log_{10}(d_{89}/\text{GeV})$
RatioPlotSameStyle=1
DrawOnly=//home/hschulz/tex/HPC_Merging/8240/Wp_maxjet_9/Wp_max_9.yoda/PP_JetRates/log10_d_89 //home/hschulz/tex/HPC_Merging/8240/Wp_maxjet_9/h0Wp0-g0-repack.hdf5.yoda/PP_JetRates/log10_d_89 //home/hschulz/tex/HPC_Merging/8240/Wp_maxjet_9/h0Wp1-g0-repack.hdf5.yoda/PP_JetRates/log10_d_89 //home/hschulz/tex/HPC_Merging/8240/Wp_maxjet_9/h0Wp2-g0-repack.hdf5.yoda/PP_JetRates/log10_d_89 //home/hschulz/tex/HPC_Merging/8240/Wp_maxjet_9/h0Wp3-g0-repack.hdf5.yoda/PP_JetRates/log10_d_89 //home/hschulz/tex/HPC_Merging/8240/Wp_maxjet_9/h0Wp4-g0-repack.hdf5.yoda/PP_JetRates/log10_d_89 //home/hschulz/tex/HPC_Merging/8240/Wp_maxjet_9/h0Wp5-g0-repack.hdf5.yoda/PP_JetRates/log10_d_89 //home/hschulz/tex/HPC_Merging/8240/Wp_maxjet_9/h0Wp6-g0-repack.hdf5.yoda/PP_JetRates/log10_d_89 //home/hschulz/tex/HPC_Merging/8240/Wp_maxjet_9/Wp7.yoda/PP_JetRates/log10_d_89 //home/hschulz/tex/HPC_Merging/8240/Wp_maxjet_9/Wp8.yoda/PP_JetRates/log10_d_89 //home/hschulz/tex/HPC_Merging/8240/Wp_maxjet_9/Wp9.yoda/PP_JetRates/log10_d_89
Legend=1
# END PLOT

# BEGIN HISTO1D //home/hschulz/tex/HPC_Merging/8240/Wp_maxjet_9/Wp_max_9.yoda/PP_JetRates/log10_d_89
LineColor=black
LineStyle=solid
Path=//home/hschulz/tex/HPC_Merging/8240/Wp_maxjet_9/Wp_max_9.yoda/PP_JetRates/log10_d_89
Title=$ sum$
XLabel=~
YLabel=~
# xlow	 xhigh	 val	 errminus	 errplus
0.000000e+00	3.845098e-02	1.719111e+04	8.741142e+00	8.741142e+00
3.845098e-02	7.690196e-02	1.458630e+04	7.542671e+00	7.542671e+00
7.690196e-02	1.153529e-01	1.231024e+04	6.844068e+00	6.844068e+00
1.153529e-01	1.538039e-01	1.032366e+04	5.945183e+00	5.945183e+00
1.538039e-01	1.922549e-01	8.638930e+03	5.430674e+00	5.430674e+00
1.922549e-01	2.307059e-01	7.209321e+03	4.954596e+00	4.954596e+00
2.307059e-01	2.691569e-01	5.989282e+03	4.217966e+00	4.217966e+00
2.691569e-01	3.076078e-01	4.956378e+03	3.914915e+00	3.914915e+00
3.076078e-01	3.460588e-01	4.078929e+03	3.240302e+00	3.240302e+00
3.460588e-01	3.845098e-01	3.344103e+03	2.803004e+00	2.803004e+00
3.845098e-01	4.229608e-01	2.714923e+03	2.587293e+00	2.587293e+00
4.229608e-01	4.614118e-01	2.186595e+03	2.201624e+00	2.201624e+00
4.614118e-01	4.998627e-01	1.747699e+03	2.901327e+00	2.901327e+00
4.998627e-01	5.383137e-01	1.377700e+03	1.916634e+00	1.916634e+00
5.383137e-01	5.767647e-01	1.070575e+03	1.481977e+00	1.481977e+00
5.767647e-01	6.152157e-01	8.189966e+02	1.504504e+00	1.504504e+00
6.152157e-01	6.536667e-01	6.210645e+02	1.102248e+00	1.102248e+00
6.536667e-01	6.921176e-01	4.614651e+02	9.179173e-01	9.179173e-01
6.921176e-01	7.305686e-01	3.398853e+02	7.722569e-01	7.722569e-01
7.305686e-01	7.690196e-01	2.484582e+02	8.778312e-01	8.778312e-01
7.690196e-01	8.074706e-01	1.783215e+02	5.536867e-01	5.536867e-01
8.074706e-01	8.459216e-01	1.277562e+02	4.541150e-01	4.541150e-01
8.459216e-01	8.843725e-01	9.110164e+01	4.318645e-01	4.318645e-01
8.843725e-01	9.228235e-01	6.443949e+01	3.884849e-01	3.884849e-01
9.228235e-01	9.612745e-01	4.576154e+01	5.357016e-01	5.357016e-01
9.612745e-01	9.997255e-01	3.150345e+01	2.042746e-01	2.042746e-01
9.997255e-01	1.038176e+00	2.219371e+01	1.672446e-01	1.672446e-01
1.038176e+00	1.076627e+00	1.561276e+01	1.708868e-01	1.708868e-01
1.076627e+00	1.115078e+00	1.043303e+01	9.889847e-02	9.889847e-02
1.115078e+00	1.153529e+00	7.419687e+00	1.397186e-01	1.397186e-01
1.153529e+00	1.191980e+00	5.086510e+00	1.176763e-01	1.176763e-01
1.191980e+00	1.230431e+00	3.504572e+00	1.872222e-01	1.872222e-01
1.230431e+00	1.268882e+00	2.198915e+00	4.087500e-02	4.087500e-02
1.268882e+00	1.307333e+00	1.489556e+00	2.820923e-02	2.820923e-02
1.307333e+00	1.345784e+00	9.919516e-01	2.572503e-02	2.572503e-02
1.345784e+00	1.384235e+00	6.641788e-01	1.604735e-02	1.604735e-02
1.384235e+00	1.422686e+00	4.718827e-01	1.969897e-02	1.969897e-02
1.422686e+00	1.461137e+00	2.788130e-01	7.991169e-03	7.991169e-03
1.461137e+00	1.499588e+00	1.945287e-01	7.957424e-03	7.957424e-03
1.499588e+00	1.538039e+00	1.240753e-01	6.397882e-03	6.397882e-03
1.538039e+00	1.576490e+00	7.435221e-02	3.185516e-03	3.185516e-03
1.576490e+00	1.614941e+00	4.935091e-02	2.690272e-03	2.690272e-03
1.614941e+00	1.653392e+00	3.265767e-02	3.686384e-03	3.686384e-03
1.653392e+00	1.691843e+00	1.789941e-02	1.428747e-03	1.428747e-03
1.691843e+00	1.730294e+00	9.546082e-03	9.904762e-04	9.904762e-04
1.730294e+00	1.768745e+00	6.214600e-03	6.970838e-04	6.970838e-04
1.768745e+00	1.807196e+00	3.311742e-03	5.473650e-04	5.473650e-04
1.807196e+00	1.845647e+00	1.990611e-03	3.153791e-04	3.153791e-04
1.845647e+00	1.884098e+00	7.333302e-04	1.738683e-04	1.738683e-04
1.884098e+00	1.922549e+00	4.057153e-04	1.600935e-04	1.600935e-04
1.922549e+00	1.961000e+00	1.442526e-04	6.340644e-05	6.340644e-05
1.961000e+00	1.999451e+00	0.000000e+00	0.000000e+00	0.000000e+00
1.999451e+00	2.037902e+00	1.416217e-04	1.039837e-04	1.039837e-04
2.037902e+00	2.076353e+00	0.000000e+00	0.000000e+00	0.000000e+00
2.076353e+00	2.114804e+00	2.104973e-05	2.104973e-05	2.104973e-05
2.114804e+00	2.153255e+00	0.000000e+00	0.000000e+00	0.000000e+00
2.153255e+00	2.191706e+00	0.000000e+00	0.000000e+00	0.000000e+00
2.191706e+00	2.230157e+00	0.000000e+00	0.000000e+00	0.000000e+00
2.230157e+00	2.268608e+00	0.000000e+00	0.000000e+00	0.000000e+00
2.268608e+00	2.307059e+00	0.000000e+00	0.000000e+00	0.000000e+00
2.307059e+00	2.345510e+00	0.000000e+00	0.000000e+00	0.000000e+00
2.345510e+00	2.383961e+00	0.000000e+00	0.000000e+00	0.000000e+00
2.383961e+00	2.422412e+00	0.000000e+00	0.000000e+00	0.000000e+00
2.422412e+00	2.460863e+00	0.000000e+00	0.000000e+00	0.000000e+00
2.460863e+00	2.499314e+00	0.000000e+00	0.000000e+00	0.000000e+00
2.499314e+00	2.537765e+00	0.000000e+00	0.000000e+00	0.000000e+00
2.537765e+00	2.576216e+00	0.000000e+00	0.000000e+00	0.000000e+00
2.576216e+00	2.614667e+00	0.000000e+00	0.000000e+00	0.000000e+00
2.614667e+00	2.653118e+00	0.000000e+00	0.000000e+00	0.000000e+00
2.653118e+00	2.691569e+00	0.000000e+00	0.000000e+00	0.000000e+00
2.691569e+00	2.730020e+00	0.000000e+00	0.000000e+00	0.000000e+00
2.730020e+00	2.768471e+00	0.000000e+00	0.000000e+00	0.000000e+00
2.768471e+00	2.806922e+00	0.000000e+00	0.000000e+00	0.000000e+00
2.806922e+00	2.845373e+00	0.000000e+00	0.000000e+00	0.000000e+00
2.845373e+00	2.883824e+00	0.000000e+00	0.000000e+00	0.000000e+00
2.883824e+00	2.922275e+00	0.000000e+00	0.000000e+00	0.000000e+00
2.922275e+00	2.960725e+00	0.000000e+00	0.000000e+00	0.000000e+00
2.960725e+00	2.999176e+00	0.000000e+00	0.000000e+00	0.000000e+00
2.999176e+00	3.037627e+00	0.000000e+00	0.000000e+00	0.000000e+00
3.037627e+00	3.076078e+00	0.000000e+00	0.000000e+00	0.000000e+00
3.076078e+00	3.114529e+00	0.000000e+00	0.000000e+00	0.000000e+00
3.114529e+00	3.152980e+00	0.000000e+00	0.000000e+00	0.000000e+00
3.152980e+00	3.191431e+00	0.000000e+00	0.000000e+00	0.000000e+00
3.191431e+00	3.229882e+00	0.000000e+00	0.000000e+00	0.000000e+00
3.229882e+00	3.268333e+00	0.000000e+00	0.000000e+00	0.000000e+00
3.268333e+00	3.306784e+00	0.000000e+00	0.000000e+00	0.000000e+00
3.306784e+00	3.345235e+00	0.000000e+00	0.000000e+00	0.000000e+00
3.345235e+00	3.383686e+00	0.000000e+00	0.000000e+00	0.000000e+00
3.383686e+00	3.422137e+00	0.000000e+00	0.000000e+00	0.000000e+00
3.422137e+00	3.460588e+00	0.000000e+00	0.000000e+00	0.000000e+00
3.460588e+00	3.499039e+00	0.000000e+00	0.000000e+00	0.000000e+00
3.499039e+00	3.537490e+00	0.000000e+00	0.000000e+00	0.000000e+00
3.537490e+00	3.575941e+00	0.000000e+00	0.000000e+00	0.000000e+00
3.575941e+00	3.614392e+00	0.000000e+00	0.000000e+00	0.000000e+00
3.614392e+00	3.652843e+00	0.000000e+00	0.000000e+00	0.000000e+00
3.652843e+00	3.691294e+00	0.000000e+00	0.000000e+00	0.000000e+00
3.691294e+00	3.729745e+00	0.000000e+00	0.000000e+00	0.000000e+00
3.729745e+00	3.768196e+00	0.000000e+00	0.000000e+00	0.000000e+00
3.768196e+00	3.806647e+00	0.000000e+00	0.000000e+00	0.000000e+00
3.806647e+00	3.845098e+00	0.000000e+00	0.000000e+00	0.000000e+00
# END HISTO1D


# BEGIN HISTO1D //home/hschulz/tex/HPC_Merging/8240/Wp_maxjet_9/h0Wp0-g0-repack.hdf5.yoda/PP_JetRates/log10_d_89
LineColor={[HTML]{FF0000}}
LineStyle=solid
Path=//home/hschulz/tex/HPC_Merging/8240/Wp_maxjet_9/h0Wp0-g0-repack.hdf5.yoda/PP_JetRates/log10_d_89
Title=$ 0j$
XLabel=~
YLabel=~
# xlow	 xhigh	 val	 errminus	 errplus
0.000000e+00	3.845098e-02	1.180900e+04	7.567277e+00	7.567277e+00
3.845098e-02	7.690196e-02	9.089594e+03	6.641560e+00	6.641560e+00
7.690196e-02	1.153529e-01	6.856436e+03	5.764201e+00	5.764201e+00
1.153529e-01	1.538039e-01	5.062890e+03	4.951274e+00	4.951274e+00
1.538039e-01	1.922549e-01	3.662867e+03	4.209753e+00	4.209753e+00
1.922549e-01	2.307059e-01	2.596417e+03	3.545609e+00	3.545609e+00
2.307059e-01	2.691569e-01	1.799477e+03	2.950815e+00	2.950815e+00
2.691569e-01	3.076078e-01	1.213596e+03	2.422102e+00	2.422102e+00
3.076078e-01	3.460588e-01	8.041021e+02	1.972056e+00	1.972056e+00
3.460588e-01	3.845098e-01	5.196237e+02	1.584747e+00	1.584747e+00
3.845098e-01	4.229608e-01	3.259515e+02	1.254791e+00	1.254791e+00
4.229608e-01	4.614118e-01	2.020719e+02	9.876546e-01	9.876546e-01
4.614118e-01	4.998627e-01	1.208075e+02	7.638613e-01	7.638613e-01
4.998627e-01	5.383137e-01	7.150844e+01	5.874470e-01	5.874470e-01
5.383137e-01	5.767647e-01	4.260675e+01	4.537307e-01	4.537307e-01
5.767647e-01	6.152157e-01	2.414399e+01	3.407847e-01	3.407847e-01
6.152157e-01	6.536667e-01	1.390153e+01	2.581556e-01	2.581556e-01
6.536667e-01	6.921176e-01	7.880801e+00	1.945123e-01	1.945123e-01
6.921176e-01	7.305686e-01	4.679189e+00	1.514024e-01	1.514024e-01
7.305686e-01	7.690196e-01	2.598836e+00	1.113762e-01	1.113762e-01
7.690196e-01	8.074706e-01	1.385697e+00	8.112975e-02	8.112975e-02
8.074706e-01	8.459216e-01	8.070453e-01	6.206234e-02	6.206234e-02
8.459216e-01	8.843725e-01	4.820087e-01	4.809146e-02	4.809146e-02
8.843725e-01	9.228235e-01	2.755970e-01	3.627243e-02	3.627243e-02
9.228235e-01	9.612745e-01	1.590823e-01	2.734466e-02	2.734466e-02
9.612745e-01	9.997255e-01	6.778604e-02	1.815233e-02	1.815233e-02
9.997255e-01	1.038176e+00	6.540963e-02	1.750855e-02	1.750855e-02
1.038176e+00	1.076627e+00	1.451784e-02	8.400906e-03	8.400906e-03
1.076627e+00	1.115078e+00	4.637328e-03	4.637329e-03	4.637329e-03
1.115078e+00	1.153529e+00	0.000000e+00	0.000000e+00	0.000000e+00
1.153529e+00	1.191980e+00	4.574240e-03	4.574240e-03	4.574240e-03
1.191980e+00	1.230431e+00	4.532376e-03	4.532377e-03	4.532377e-03
1.230431e+00	1.268882e+00	0.000000e+00	0.000000e+00	0.000000e+00
1.268882e+00	1.307333e+00	0.000000e+00	0.000000e+00	0.000000e+00
1.307333e+00	1.345784e+00	0.000000e+00	0.000000e+00	0.000000e+00
1.345784e+00	1.384235e+00	0.000000e+00	0.000000e+00	0.000000e+00
1.384235e+00	1.422686e+00	0.000000e+00	0.000000e+00	0.000000e+00
1.422686e+00	1.461137e+00	0.000000e+00	0.000000e+00	0.000000e+00
1.461137e+00	1.499588e+00	0.000000e+00	0.000000e+00	0.000000e+00
1.499588e+00	1.538039e+00	0.000000e+00	0.000000e+00	0.000000e+00
1.538039e+00	1.576490e+00	0.000000e+00	0.000000e+00	0.000000e+00
1.576490e+00	1.614941e+00	0.000000e+00	0.000000e+00	0.000000e+00
1.614941e+00	1.653392e+00	0.000000e+00	0.000000e+00	0.000000e+00
1.653392e+00	1.691843e+00	0.000000e+00	0.000000e+00	0.000000e+00
1.691843e+00	1.730294e+00	0.000000e+00	0.000000e+00	0.000000e+00
1.730294e+00	1.768745e+00	0.000000e+00	0.000000e+00	0.000000e+00
1.768745e+00	1.807196e+00	0.000000e+00	0.000000e+00	0.000000e+00
1.807196e+00	1.845647e+00	0.000000e+00	0.000000e+00	0.000000e+00
1.845647e+00	1.884098e+00	0.000000e+00	0.000000e+00	0.000000e+00
1.884098e+00	1.922549e+00	0.000000e+00	0.000000e+00	0.000000e+00
1.922549e+00	1.961000e+00	0.000000e+00	0.000000e+00	0.000000e+00
1.961000e+00	1.999451e+00	0.000000e+00	0.000000e+00	0.000000e+00
1.999451e+00	2.037902e+00	0.000000e+00	0.000000e+00	0.000000e+00
2.037902e+00	2.076353e+00	0.000000e+00	0.000000e+00	0.000000e+00
2.076353e+00	2.114804e+00	0.000000e+00	0.000000e+00	0.000000e+00
2.114804e+00	2.153255e+00	0.000000e+00	0.000000e+00	0.000000e+00
2.153255e+00	2.191706e+00	0.000000e+00	0.000000e+00	0.000000e+00
2.191706e+00	2.230157e+00	0.000000e+00	0.000000e+00	0.000000e+00
2.230157e+00	2.268608e+00	0.000000e+00	0.000000e+00	0.000000e+00
2.268608e+00	2.307059e+00	0.000000e+00	0.000000e+00	0.000000e+00
2.307059e+00	2.345510e+00	0.000000e+00	0.000000e+00	0.000000e+00
2.345510e+00	2.383961e+00	0.000000e+00	0.000000e+00	0.000000e+00
2.383961e+00	2.422412e+00	0.000000e+00	0.000000e+00	0.000000e+00
2.422412e+00	2.460863e+00	0.000000e+00	0.000000e+00	0.000000e+00
2.460863e+00	2.499314e+00	0.000000e+00	0.000000e+00	0.000000e+00
2.499314e+00	2.537765e+00	0.000000e+00	0.000000e+00	0.000000e+00
2.537765e+00	2.576216e+00	0.000000e+00	0.000000e+00	0.000000e+00
2.576216e+00	2.614667e+00	0.000000e+00	0.000000e+00	0.000000e+00
2.614667e+00	2.653118e+00	0.000000e+00	0.000000e+00	0.000000e+00
2.653118e+00	2.691569e+00	0.000000e+00	0.000000e+00	0.000000e+00
2.691569e+00	2.730020e+00	0.000000e+00	0.000000e+00	0.000000e+00
2.730020e+00	2.768471e+00	0.000000e+00	0.000000e+00	0.000000e+00
2.768471e+00	2.806922e+00	0.000000e+00	0.000000e+00	0.000000e+00
2.806922e+00	2.845373e+00	0.000000e+00	0.000000e+00	0.000000e+00
2.845373e+00	2.883824e+00	0.000000e+00	0.000000e+00	0.000000e+00
2.883824e+00	2.922275e+00	0.000000e+00	0.000000e+00	0.000000e+00
2.922275e+00	2.960725e+00	0.000000e+00	0.000000e+00	0.000000e+00
2.960725e+00	2.999176e+00	0.000000e+00	0.000000e+00	0.000000e+00
2.999176e+00	3.037627e+00	0.000000e+00	0.000000e+00	0.000000e+00
3.037627e+00	3.076078e+00	0.000000e+00	0.000000e+00	0.000000e+00
3.076078e+00	3.114529e+00	0.000000e+00	0.000000e+00	0.000000e+00
3.114529e+00	3.152980e+00	0.000000e+00	0.000000e+00	0.000000e+00
3.152980e+00	3.191431e+00	0.000000e+00	0.000000e+00	0.000000e+00
3.191431e+00	3.229882e+00	0.000000e+00	0.000000e+00	0.000000e+00
3.229882e+00	3.268333e+00	0.000000e+00	0.000000e+00	0.000000e+00
3.268333e+00	3.306784e+00	0.000000e+00	0.000000e+00	0.000000e+00
3.306784e+00	3.345235e+00	0.000000e+00	0.000000e+00	0.000000e+00
3.345235e+00	3.383686e+00	0.000000e+00	0.000000e+00	0.000000e+00
3.383686e+00	3.422137e+00	0.000000e+00	0.000000e+00	0.000000e+00
3.422137e+00	3.460588e+00	0.000000e+00	0.000000e+00	0.000000e+00
3.460588e+00	3.499039e+00	0.000000e+00	0.000000e+00	0.000000e+00
3.499039e+00	3.537490e+00	0.000000e+00	0.000000e+00	0.000000e+00
3.537490e+00	3.575941e+00	0.000000e+00	0.000000e+00	0.000000e+00
3.575941e+00	3.614392e+00	0.000000e+00	0.000000e+00	0.000000e+00
3.614392e+00	3.652843e+00	0.000000e+00	0.000000e+00	0.000000e+00
3.652843e+00	3.691294e+00	0.000000e+00	0.000000e+00	0.000000e+00
3.691294e+00	3.729745e+00	0.000000e+00	0.000000e+00	0.000000e+00
3.729745e+00	3.768196e+00	0.000000e+00	0.000000e+00	0.000000e+00
3.768196e+00	3.806647e+00	0.000000e+00	0.000000e+00	0.000000e+00
3.806647e+00	3.845098e+00	0.000000e+00	0.000000e+00	0.000000e+00
# END HISTO1D


# BEGIN HISTO1D //home/hschulz/tex/HPC_Merging/8240/Wp_maxjet_9/h0Wp1-g0-repack.hdf5.yoda/PP_JetRates/log10_d_89
LineColor={[HTML]{FC8500}}
LineStyle=solid
Path=//home/hschulz/tex/HPC_Merging/8240/Wp_maxjet_9/h0Wp1-g0-repack.hdf5.yoda/PP_JetRates/log10_d_89
Title=$ 1j$
XLabel=~
YLabel=~
# xlow	 xhigh	 val	 errminus	 errplus
0.000000e+00	3.845098e-02	4.677459e+03	3.097698e+00	3.097698e+00
3.845098e-02	7.690196e-02	4.555884e+03	3.053477e+00	3.053477e+00
7.690196e-02	1.153529e-01	4.264533e+03	2.950575e+00	2.950575e+00
1.153529e-01	1.538039e-01	3.839284e+03	2.795928e+00	2.795928e+00
1.538039e-01	1.922549e-01	3.346620e+03	2.606286e+00	2.606286e+00
1.922549e-01	2.307059e-01	2.816085e+03	2.387216e+00	2.387216e+00
2.307059e-01	2.691569e-01	2.289902e+03	2.149110e+00	2.149110e+00
2.691569e-01	3.076078e-01	1.798394e+03	1.901116e+00	1.901116e+00
3.076078e-01	3.460588e-01	1.360411e+03	1.650536e+00	1.650536e+00
3.460588e-01	3.845098e-01	9.967616e+02	1.409605e+00	1.409605e+00
3.845098e-01	4.229608e-01	7.004830e+02	1.178870e+00	1.178870e+00
4.229608e-01	4.614118e-01	4.738173e+02	9.684779e-01	9.684779e-01
4.614118e-01	4.998627e-01	3.105524e+02	7.802126e-01	7.802126e-01
4.998627e-01	5.383137e-01	1.956822e+02	6.172092e-01	6.172092e-01
5.383137e-01	5.767647e-01	1.189778e+02	4.790795e-01	4.790795e-01
5.767647e-01	6.152157e-01	6.957931e+01	3.647639e-01	3.647639e-01
6.152157e-01	6.536667e-01	4.059796e+01	2.775126e-01	2.775126e-01
6.536667e-01	6.921176e-01	2.317775e+01	2.082172e-01	2.082172e-01
6.921176e-01	7.305686e-01	1.321225e+01	1.563959e-01	1.563959e-01
7.305686e-01	7.690196e-01	7.477925e+00	1.169050e-01	1.169050e-01
7.690196e-01	8.074706e-01	3.849237e+00	8.299513e-02	8.299513e-02
8.074706e-01	8.459216e-01	2.294944e+00	6.355379e-02	6.355379e-02
8.459216e-01	8.843725e-01	1.188436e+00	4.530347e-02	4.530347e-02
8.843725e-01	9.228235e-01	6.515204e-01	3.334165e-02	3.334165e-02
9.228235e-01	9.612745e-01	3.434769e-01	2.414598e-02	2.414598e-02
9.612745e-01	9.997255e-01	2.323847e-01	1.972310e-02	1.972310e-02
9.997255e-01	1.038176e+00	1.039447e-01	1.311907e-02	1.311907e-02
1.038176e+00	1.076627e+00	4.124142e-02	8.282974e-03	8.282974e-03
1.076627e+00	1.115078e+00	3.135965e-02	7.064477e-03	7.064477e-03
1.115078e+00	1.153529e+00	2.513705e-02	6.516364e-03	6.516364e-03
1.153529e+00	1.191980e+00	1.720233e-03	1.720233e-03	1.720233e-03
1.191980e+00	1.230431e+00	6.825742e-03	3.414349e-03	3.414349e-03
1.230431e+00	1.268882e+00	1.491995e-03	1.491995e-03	1.491995e-03
1.268882e+00	1.307333e+00	0.000000e+00	0.000000e+00	0.000000e+00
1.307333e+00	1.345784e+00	0.000000e+00	0.000000e+00	0.000000e+00
1.345784e+00	1.384235e+00	0.000000e+00	0.000000e+00	0.000000e+00
1.384235e+00	1.422686e+00	0.000000e+00	0.000000e+00	0.000000e+00
1.422686e+00	1.461137e+00	0.000000e+00	0.000000e+00	0.000000e+00
1.461137e+00	1.499588e+00	0.000000e+00	0.000000e+00	0.000000e+00
1.499588e+00	1.538039e+00	0.000000e+00	0.000000e+00	0.000000e+00
1.538039e+00	1.576490e+00	0.000000e+00	0.000000e+00	0.000000e+00
1.576490e+00	1.614941e+00	0.000000e+00	0.000000e+00	0.000000e+00
1.614941e+00	1.653392e+00	0.000000e+00	0.000000e+00	0.000000e+00
1.653392e+00	1.691843e+00	0.000000e+00	0.000000e+00	0.000000e+00
1.691843e+00	1.730294e+00	0.000000e+00	0.000000e+00	0.000000e+00
1.730294e+00	1.768745e+00	0.000000e+00	0.000000e+00	0.000000e+00
1.768745e+00	1.807196e+00	0.000000e+00	0.000000e+00	0.000000e+00
1.807196e+00	1.845647e+00	0.000000e+00	0.000000e+00	0.000000e+00
1.845647e+00	1.884098e+00	0.000000e+00	0.000000e+00	0.000000e+00
1.884098e+00	1.922549e+00	0.000000e+00	0.000000e+00	0.000000e+00
1.922549e+00	1.961000e+00	0.000000e+00	0.000000e+00	0.000000e+00
1.961000e+00	1.999451e+00	0.000000e+00	0.000000e+00	0.000000e+00
1.999451e+00	2.037902e+00	0.000000e+00	0.000000e+00	0.000000e+00
2.037902e+00	2.076353e+00	0.000000e+00	0.000000e+00	0.000000e+00
2.076353e+00	2.114804e+00	0.000000e+00	0.000000e+00	0.000000e+00
2.114804e+00	2.153255e+00	0.000000e+00	0.000000e+00	0.000000e+00
2.153255e+00	2.191706e+00	0.000000e+00	0.000000e+00	0.000000e+00
2.191706e+00	2.230157e+00	0.000000e+00	0.000000e+00	0.000000e+00
2.230157e+00	2.268608e+00	0.000000e+00	0.000000e+00	0.000000e+00
2.268608e+00	2.307059e+00	0.000000e+00	0.000000e+00	0.000000e+00
2.307059e+00	2.345510e+00	0.000000e+00	0.000000e+00	0.000000e+00
2.345510e+00	2.383961e+00	0.000000e+00	0.000000e+00	0.000000e+00
2.383961e+00	2.422412e+00	0.000000e+00	0.000000e+00	0.000000e+00
2.422412e+00	2.460863e+00	0.000000e+00	0.000000e+00	0.000000e+00
2.460863e+00	2.499314e+00	0.000000e+00	0.000000e+00	0.000000e+00
2.499314e+00	2.537765e+00	0.000000e+00	0.000000e+00	0.000000e+00
2.537765e+00	2.576216e+00	0.000000e+00	0.000000e+00	0.000000e+00
2.576216e+00	2.614667e+00	0.000000e+00	0.000000e+00	0.000000e+00
2.614667e+00	2.653118e+00	0.000000e+00	0.000000e+00	0.000000e+00
2.653118e+00	2.691569e+00	0.000000e+00	0.000000e+00	0.000000e+00
2.691569e+00	2.730020e+00	0.000000e+00	0.000000e+00	0.000000e+00
2.730020e+00	2.768471e+00	0.000000e+00	0.000000e+00	0.000000e+00
2.768471e+00	2.806922e+00	0.000000e+00	0.000000e+00	0.000000e+00
2.806922e+00	2.845373e+00	0.000000e+00	0.000000e+00	0.000000e+00
2.845373e+00	2.883824e+00	0.000000e+00	0.000000e+00	0.000000e+00
2.883824e+00	2.922275e+00	0.000000e+00	0.000000e+00	0.000000e+00
2.922275e+00	2.960725e+00	0.000000e+00	0.000000e+00	0.000000e+00
2.960725e+00	2.999176e+00	0.000000e+00	0.000000e+00	0.000000e+00
2.999176e+00	3.037627e+00	0.000000e+00	0.000000e+00	0.000000e+00
3.037627e+00	3.076078e+00	0.000000e+00	0.000000e+00	0.000000e+00
3.076078e+00	3.114529e+00	0.000000e+00	0.000000e+00	0.000000e+00
3.114529e+00	3.152980e+00	0.000000e+00	0.000000e+00	0.000000e+00
3.152980e+00	3.191431e+00	0.000000e+00	0.000000e+00	0.000000e+00
3.191431e+00	3.229882e+00	0.000000e+00	0.000000e+00	0.000000e+00
3.229882e+00	3.268333e+00	0.000000e+00	0.000000e+00	0.000000e+00
3.268333e+00	3.306784e+00	0.000000e+00	0.000000e+00	0.000000e+00
3.306784e+00	3.345235e+00	0.000000e+00	0.000000e+00	0.000000e+00
3.345235e+00	3.383686e+00	0.000000e+00	0.000000e+00	0.000000e+00
3.383686e+00	3.422137e+00	0.000000e+00	0.000000e+00	0.000000e+00
3.422137e+00	3.460588e+00	0.000000e+00	0.000000e+00	0.000000e+00
3.460588e+00	3.499039e+00	0.000000e+00	0.000000e+00	0.000000e+00
3.499039e+00	3.537490e+00	0.000000e+00	0.000000e+00	0.000000e+00
3.537490e+00	3.575941e+00	0.000000e+00	0.000000e+00	0.000000e+00
3.575941e+00	3.614392e+00	0.000000e+00	0.000000e+00	0.000000e+00
3.614392e+00	3.652843e+00	0.000000e+00	0.000000e+00	0.000000e+00
3.652843e+00	3.691294e+00	0.000000e+00	0.000000e+00	0.000000e+00
3.691294e+00	3.729745e+00	0.000000e+00	0.000000e+00	0.000000e+00
3.729745e+00	3.768196e+00	0.000000e+00	0.000000e+00	0.000000e+00
3.768196e+00	3.806647e+00	0.000000e+00	0.000000e+00	0.000000e+00
3.806647e+00	3.845098e+00	0.000000e+00	0.000000e+00	0.000000e+00
# END HISTO1D


# BEGIN HISTO1D //home/hschulz/tex/HPC_Merging/8240/Wp_maxjet_9/h0Wp2-g0-repack.hdf5.yoda/PP_JetRates/log10_d_89
LineColor={[HTML]{EBF900}}
LineStyle=solid
Path=//home/hschulz/tex/HPC_Merging/8240/Wp_maxjet_9/h0Wp2-g0-repack.hdf5.yoda/PP_JetRates/log10_d_89
Title=$ 2j$
XLabel=~
YLabel=~
# xlow	 xhigh	 val	 errminus	 errplus
0.000000e+00	3.845098e-02	6.813148e+02	3.080719e+00	3.080719e+00
3.845098e-02	7.690196e-02	8.976936e+02	1.836958e+00	1.836958e+00
7.690196e-02	1.153529e-01	1.113565e+03	1.523064e+00	1.523064e+00
1.153529e-01	1.538039e-01	1.302803e+03	1.638032e+00	1.638032e+00
1.538039e-01	1.922549e-01	1.453776e+03	2.139580e+00	2.139580e+00
1.922549e-01	2.307059e-01	1.551665e+03	2.399669e+00	2.399669e+00
2.307059e-01	2.691569e-01	1.573948e+03	1.874624e+00	1.874624e+00
2.691569e-01	3.076078e-01	1.532432e+03	2.236585e+00	2.236585e+00
3.076078e-01	3.460588e-01	1.419633e+03	1.693724e+00	1.693724e+00
3.460588e-01	3.845098e-01	1.264706e+03	1.520532e+00	1.520532e+00
3.845098e-01	4.229608e-01	1.074087e+03	1.469341e+00	1.469341e+00
4.229608e-01	4.614118e-01	8.724481e+02	1.286834e+00	1.286834e+00
4.614118e-01	4.998627e-01	6.804611e+02	2.446463e+00	2.446463e+00
4.998627e-01	5.383137e-01	5.026509e+02	1.117376e+00	1.117376e+00
5.383137e-01	5.767647e-01	3.555315e+02	8.021212e-01	8.021212e-01
5.767647e-01	6.152157e-01	2.415619e+02	9.588256e-01	9.588256e-01
6.152157e-01	6.536667e-01	1.573951e+02	5.212250e-01	5.212250e-01
6.536667e-01	6.921176e-01	9.941148e+01	3.958924e-01	3.958924e-01
6.921176e-01	7.305686e-01	6.190297e+01	3.199722e-01	3.199722e-01
7.305686e-01	7.690196e-01	3.752945e+01	2.360483e-01	2.360483e-01
7.690196e-01	8.074706e-01	2.265572e+01	1.989854e-01	1.989854e-01
8.074706e-01	8.459216e-01	1.322459e+01	1.512486e-01	1.512486e-01
8.459216e-01	8.843725e-01	8.085252e+00	1.165331e-01	1.165331e-01
8.843725e-01	9.228235e-01	4.817940e+00	8.241264e-02	8.241264e-02
9.228235e-01	9.612745e-01	2.772159e+00	5.949501e-02	5.949501e-02
9.612745e-01	9.997255e-01	1.657028e+00	4.538998e-02	4.538998e-02
9.997255e-01	1.038176e+00	1.056329e+00	3.998966e-02	3.998966e-02
1.038176e+00	1.076627e+00	5.885410e-01	2.675594e-02	2.675594e-02
1.076627e+00	1.115078e+00	3.348027e-01	1.986260e-02	1.986260e-02
1.115078e+00	1.153529e+00	1.957939e-01	1.517993e-02	1.517993e-02
1.153529e+00	1.191980e+00	9.659195e-02	1.086298e-02	1.086298e-02
1.191980e+00	1.230431e+00	5.591912e-02	8.029323e-03	8.029323e-03
1.230431e+00	1.268882e+00	2.465988e-02	5.170805e-03	5.170805e-03
1.268882e+00	1.307333e+00	8.945242e-03	3.109968e-03	3.109968e-03
1.307333e+00	1.345784e+00	8.831521e-03	3.162894e-03	3.162894e-03
1.345784e+00	1.384235e+00	0.000000e+00	0.000000e+00	0.000000e+00
1.384235e+00	1.422686e+00	9.626691e-04	9.626691e-04	9.626691e-04
1.422686e+00	1.461137e+00	1.890330e-03	1.337865e-03	1.337865e-03
1.461137e+00	1.499588e+00	0.000000e+00	0.000000e+00	0.000000e+00
1.499588e+00	1.538039e+00	0.000000e+00	0.000000e+00	0.000000e+00
1.538039e+00	1.576490e+00	0.000000e+00	0.000000e+00	0.000000e+00
1.576490e+00	1.614941e+00	0.000000e+00	0.000000e+00	0.000000e+00
1.614941e+00	1.653392e+00	0.000000e+00	0.000000e+00	0.000000e+00
1.653392e+00	1.691843e+00	0.000000e+00	0.000000e+00	0.000000e+00
1.691843e+00	1.730294e+00	0.000000e+00	0.000000e+00	0.000000e+00
1.730294e+00	1.768745e+00	0.000000e+00	0.000000e+00	0.000000e+00
1.768745e+00	1.807196e+00	0.000000e+00	0.000000e+00	0.000000e+00
1.807196e+00	1.845647e+00	0.000000e+00	0.000000e+00	0.000000e+00
1.845647e+00	1.884098e+00	0.000000e+00	0.000000e+00	0.000000e+00
1.884098e+00	1.922549e+00	0.000000e+00	0.000000e+00	0.000000e+00
1.922549e+00	1.961000e+00	0.000000e+00	0.000000e+00	0.000000e+00
1.961000e+00	1.999451e+00	0.000000e+00	0.000000e+00	0.000000e+00
1.999451e+00	2.037902e+00	0.000000e+00	0.000000e+00	0.000000e+00
2.037902e+00	2.076353e+00	0.000000e+00	0.000000e+00	0.000000e+00
2.076353e+00	2.114804e+00	0.000000e+00	0.000000e+00	0.000000e+00
2.114804e+00	2.153255e+00	0.000000e+00	0.000000e+00	0.000000e+00
2.153255e+00	2.191706e+00	0.000000e+00	0.000000e+00	0.000000e+00
2.191706e+00	2.230157e+00	0.000000e+00	0.000000e+00	0.000000e+00
2.230157e+00	2.268608e+00	0.000000e+00	0.000000e+00	0.000000e+00
2.268608e+00	2.307059e+00	0.000000e+00	0.000000e+00	0.000000e+00
2.307059e+00	2.345510e+00	0.000000e+00	0.000000e+00	0.000000e+00
2.345510e+00	2.383961e+00	0.000000e+00	0.000000e+00	0.000000e+00
2.383961e+00	2.422412e+00	0.000000e+00	0.000000e+00	0.000000e+00
2.422412e+00	2.460863e+00	0.000000e+00	0.000000e+00	0.000000e+00
2.460863e+00	2.499314e+00	0.000000e+00	0.000000e+00	0.000000e+00
2.499314e+00	2.537765e+00	0.000000e+00	0.000000e+00	0.000000e+00
2.537765e+00	2.576216e+00	0.000000e+00	0.000000e+00	0.000000e+00
2.576216e+00	2.614667e+00	0.000000e+00	0.000000e+00	0.000000e+00
2.614667e+00	2.653118e+00	0.000000e+00	0.000000e+00	0.000000e+00
2.653118e+00	2.691569e+00	0.000000e+00	0.000000e+00	0.000000e+00
2.691569e+00	2.730020e+00	0.000000e+00	0.000000e+00	0.000000e+00
2.730020e+00	2.768471e+00	0.000000e+00	0.000000e+00	0.000000e+00
2.768471e+00	2.806922e+00	0.000000e+00	0.000000e+00	0.000000e+00
2.806922e+00	2.845373e+00	0.000000e+00	0.000000e+00	0.000000e+00
2.845373e+00	2.883824e+00	0.000000e+00	0.000000e+00	0.000000e+00
2.883824e+00	2.922275e+00	0.000000e+00	0.000000e+00	0.000000e+00
2.922275e+00	2.960725e+00	0.000000e+00	0.000000e+00	0.000000e+00
2.960725e+00	2.999176e+00	0.000000e+00	0.000000e+00	0.000000e+00
2.999176e+00	3.037627e+00	0.000000e+00	0.000000e+00	0.000000e+00
3.037627e+00	3.076078e+00	0.000000e+00	0.000000e+00	0.000000e+00
3.076078e+00	3.114529e+00	0.000000e+00	0.000000e+00	0.000000e+00
3.114529e+00	3.152980e+00	0.000000e+00	0.000000e+00	0.000000e+00
3.152980e+00	3.191431e+00	0.000000e+00	0.000000e+00	0.000000e+00
3.191431e+00	3.229882e+00	0.000000e+00	0.000000e+00	0.000000e+00
3.229882e+00	3.268333e+00	0.000000e+00	0.000000e+00	0.000000e+00
3.268333e+00	3.306784e+00	0.000000e+00	0.000000e+00	0.000000e+00
3.306784e+00	3.345235e+00	0.000000e+00	0.000000e+00	0.000000e+00
3.345235e+00	3.383686e+00	0.000000e+00	0.000000e+00	0.000000e+00
3.383686e+00	3.422137e+00	0.000000e+00	0.000000e+00	0.000000e+00
3.422137e+00	3.460588e+00	0.000000e+00	0.000000e+00	0.000000e+00
3.460588e+00	3.499039e+00	0.000000e+00	0.000000e+00	0.000000e+00
3.499039e+00	3.537490e+00	0.000000e+00	0.000000e+00	0.000000e+00
3.537490e+00	3.575941e+00	0.000000e+00	0.000000e+00	0.000000e+00
3.575941e+00	3.614392e+00	0.000000e+00	0.000000e+00	0.000000e+00
3.614392e+00	3.652843e+00	0.000000e+00	0.000000e+00	0.000000e+00
3.652843e+00	3.691294e+00	0.000000e+00	0.000000e+00	0.000000e+00
3.691294e+00	3.729745e+00	0.000000e+00	0.000000e+00	0.000000e+00
3.729745e+00	3.768196e+00	0.000000e+00	0.000000e+00	0.000000e+00
3.768196e+00	3.806647e+00	0.000000e+00	0.000000e+00	0.000000e+00
3.806647e+00	3.845098e+00	0.000000e+00	0.000000e+00	0.000000e+00
# END HISTO1D


# BEGIN HISTO1D //home/hschulz/tex/HPC_Merging/8240/Wp_maxjet_9/h0Wp3-g0-repack.hdf5.yoda/PP_JetRates/log10_d_89
LineColor={[HTML]{66F600}}
LineStyle=solid
Path=//home/hschulz/tex/HPC_Merging/8240/Wp_maxjet_9/h0Wp3-g0-repack.hdf5.yoda/PP_JetRates/log10_d_89
Title=$ 3j$
XLabel=~
YLabel=~
# xlow	 xhigh	 val	 errminus	 errplus
0.000000e+00	3.845098e-02	2.310175e+01	2.385706e-01	2.385706e-01
3.845098e-02	7.690196e-02	4.253925e+01	2.874887e-01	2.874887e-01
7.690196e-02	1.153529e-01	7.410661e+01	1.607330e+00	1.607330e+00
1.153529e-01	1.538039e-01	1.151785e+02	5.652254e-01	5.652254e-01
1.538039e-01	1.922549e-01	1.687968e+02	6.173388e-01	6.173388e-01
1.922549e-01	2.307059e-01	2.324107e+02	6.799693e-01	6.799693e-01
2.307059e-01	2.691569e-01	3.041445e+02	9.402772e-01	9.402772e-01
2.691569e-01	3.076078e-01	3.763033e+02	8.567249e-01	8.567249e-01
3.076078e-01	3.460588e-01	4.400767e+02	9.066966e-01	9.066966e-01
3.460588e-01	3.845098e-01	4.851265e+02	9.244602e-01	9.244602e-01
3.845098e-01	4.229608e-01	5.095235e+02	1.057307e+00	1.057307e+00
4.229608e-01	4.614118e-01	5.055668e+02	9.614392e-01	9.614392e-01
4.614118e-01	4.998627e-01	4.774081e+02	9.143084e-01	9.143084e-01
4.998627e-01	5.383137e-01	4.268927e+02	8.803829e-01	8.803829e-01
5.383137e-01	5.767647e-01	3.611389e+02	7.673652e-01	7.673652e-01
5.767647e-01	6.152157e-01	2.890266e+02	7.564164e-01	7.564164e-01
6.152157e-01	6.536667e-01	2.222965e+02	6.196732e-01	6.196732e-01
6.536667e-01	6.921176e-01	1.607409e+02	4.812124e-01	4.812124e-01
6.921176e-01	7.305686e-01	1.124356e+02	4.140936e-01	4.140936e-01
7.305686e-01	7.690196e-01	7.560576e+01	3.244689e-01	3.244689e-01
7.690196e-01	8.074706e-01	4.943343e+01	2.574134e-01	2.574134e-01
8.074706e-01	8.459216e-01	3.221165e+01	2.134607e-01	2.134607e-01
8.459216e-01	8.843725e-01	1.998570e+01	1.585871e-01	1.585871e-01
8.843725e-01	9.228235e-01	1.269848e+01	1.225633e-01	1.225633e-01
9.228235e-01	9.612745e-01	7.874828e+00	9.396702e-02	9.396702e-02
9.612745e-01	9.997255e-01	4.823339e+00	7.587951e-02	7.587951e-02
9.997255e-01	1.038176e+00	2.974419e+00	5.536573e-02	5.536573e-02
1.038176e+00	1.076627e+00	1.903861e+00	4.384467e-02	4.384467e-02
1.076627e+00	1.115078e+00	1.168091e+00	3.427025e-02	3.427025e-02
1.115078e+00	1.153529e+00	7.261236e-01	2.727173e-02	2.727173e-02
1.153529e+00	1.191980e+00	4.883459e-01	4.798589e-02	4.798589e-02
1.191980e+00	1.230431e+00	2.077967e-01	1.383999e-02	1.383999e-02
1.230431e+00	1.268882e+00	1.132341e-01	1.017786e-02	1.017786e-02
1.268882e+00	1.307333e+00	8.560352e-02	8.750005e-03	8.750005e-03
1.307333e+00	1.345784e+00	4.082141e-02	6.166182e-03	6.166182e-03
1.345784e+00	1.384235e+00	2.294689e-02	4.349762e-03	4.349762e-03
1.384235e+00	1.422686e+00	6.287701e-03	2.294812e-03	2.294812e-03
1.422686e+00	1.461137e+00	2.291239e-03	1.633152e-03	1.633152e-03
1.461137e+00	1.499588e+00	9.252888e-04	9.252888e-04	9.252888e-04
1.499588e+00	1.538039e+00	0.000000e+00	0.000000e+00	0.000000e+00
1.538039e+00	1.576490e+00	8.513875e-04	8.513873e-04	8.513873e-04
1.576490e+00	1.614941e+00	0.000000e+00	0.000000e+00	0.000000e+00
1.614941e+00	1.653392e+00	0.000000e+00	0.000000e+00	0.000000e+00
1.653392e+00	1.691843e+00	0.000000e+00	0.000000e+00	0.000000e+00
1.691843e+00	1.730294e+00	0.000000e+00	0.000000e+00	0.000000e+00
1.730294e+00	1.768745e+00	0.000000e+00	0.000000e+00	0.000000e+00
1.768745e+00	1.807196e+00	0.000000e+00	0.000000e+00	0.000000e+00
1.807196e+00	1.845647e+00	0.000000e+00	0.000000e+00	0.000000e+00
1.845647e+00	1.884098e+00	0.000000e+00	0.000000e+00	0.000000e+00
1.884098e+00	1.922549e+00	0.000000e+00	0.000000e+00	0.000000e+00
1.922549e+00	1.961000e+00	0.000000e+00	0.000000e+00	0.000000e+00
1.961000e+00	1.999451e+00	0.000000e+00	0.000000e+00	0.000000e+00
1.999451e+00	2.037902e+00	0.000000e+00	0.000000e+00	0.000000e+00
2.037902e+00	2.076353e+00	0.000000e+00	0.000000e+00	0.000000e+00
2.076353e+00	2.114804e+00	0.000000e+00	0.000000e+00	0.000000e+00
2.114804e+00	2.153255e+00	0.000000e+00	0.000000e+00	0.000000e+00
2.153255e+00	2.191706e+00	0.000000e+00	0.000000e+00	0.000000e+00
2.191706e+00	2.230157e+00	0.000000e+00	0.000000e+00	0.000000e+00
2.230157e+00	2.268608e+00	0.000000e+00	0.000000e+00	0.000000e+00
2.268608e+00	2.307059e+00	0.000000e+00	0.000000e+00	0.000000e+00
2.307059e+00	2.345510e+00	0.000000e+00	0.000000e+00	0.000000e+00
2.345510e+00	2.383961e+00	0.000000e+00	0.000000e+00	0.000000e+00
2.383961e+00	2.422412e+00	0.000000e+00	0.000000e+00	0.000000e+00
2.422412e+00	2.460863e+00	0.000000e+00	0.000000e+00	0.000000e+00
2.460863e+00	2.499314e+00	0.000000e+00	0.000000e+00	0.000000e+00
2.499314e+00	2.537765e+00	0.000000e+00	0.000000e+00	0.000000e+00
2.537765e+00	2.576216e+00	0.000000e+00	0.000000e+00	0.000000e+00
2.576216e+00	2.614667e+00	0.000000e+00	0.000000e+00	0.000000e+00
2.614667e+00	2.653118e+00	0.000000e+00	0.000000e+00	0.000000e+00
2.653118e+00	2.691569e+00	0.000000e+00	0.000000e+00	0.000000e+00
2.691569e+00	2.730020e+00	0.000000e+00	0.000000e+00	0.000000e+00
2.730020e+00	2.768471e+00	0.000000e+00	0.000000e+00	0.000000e+00
2.768471e+00	2.806922e+00	0.000000e+00	0.000000e+00	0.000000e+00
2.806922e+00	2.845373e+00	0.000000e+00	0.000000e+00	0.000000e+00
2.845373e+00	2.883824e+00	0.000000e+00	0.000000e+00	0.000000e+00
2.883824e+00	2.922275e+00	0.000000e+00	0.000000e+00	0.000000e+00
2.922275e+00	2.960725e+00	0.000000e+00	0.000000e+00	0.000000e+00
2.960725e+00	2.999176e+00	0.000000e+00	0.000000e+00	0.000000e+00
2.999176e+00	3.037627e+00	0.000000e+00	0.000000e+00	0.000000e+00
3.037627e+00	3.076078e+00	0.000000e+00	0.000000e+00	0.000000e+00
3.076078e+00	3.114529e+00	0.000000e+00	0.000000e+00	0.000000e+00
3.114529e+00	3.152980e+00	0.000000e+00	0.000000e+00	0.000000e+00
3.152980e+00	3.191431e+00	0.000000e+00	0.000000e+00	0.000000e+00
3.191431e+00	3.229882e+00	0.000000e+00	0.000000e+00	0.000000e+00
3.229882e+00	3.268333e+00	0.000000e+00	0.000000e+00	0.000000e+00
3.268333e+00	3.306784e+00	0.000000e+00	0.000000e+00	0.000000e+00
3.306784e+00	3.345235e+00	0.000000e+00	0.000000e+00	0.000000e+00
3.345235e+00	3.383686e+00	0.000000e+00	0.000000e+00	0.000000e+00
3.383686e+00	3.422137e+00	0.000000e+00	0.000000e+00	0.000000e+00
3.422137e+00	3.460588e+00	0.000000e+00	0.000000e+00	0.000000e+00
3.460588e+00	3.499039e+00	0.000000e+00	0.000000e+00	0.000000e+00
3.499039e+00	3.537490e+00	0.000000e+00	0.000000e+00	0.000000e+00
3.537490e+00	3.575941e+00	0.000000e+00	0.000000e+00	0.000000e+00
3.575941e+00	3.614392e+00	0.000000e+00	0.000000e+00	0.000000e+00
3.614392e+00	3.652843e+00	0.000000e+00	0.000000e+00	0.000000e+00
3.652843e+00	3.691294e+00	0.000000e+00	0.000000e+00	0.000000e+00
3.691294e+00	3.729745e+00	0.000000e+00	0.000000e+00	0.000000e+00
3.729745e+00	3.768196e+00	0.000000e+00	0.000000e+00	0.000000e+00
3.768196e+00	3.806647e+00	0.000000e+00	0.000000e+00	0.000000e+00
3.806647e+00	3.845098e+00	0.000000e+00	0.000000e+00	0.000000e+00
# END HISTO1D


# BEGIN HISTO1D //home/hschulz/tex/HPC_Merging/8240/Wp_maxjet_9/h0Wp4-g0-repack.hdf5.yoda/PP_JetRates/log10_d_89
LineColor={[HTML]{00F31B}}
LineStyle=solid
Path=//home/hschulz/tex/HPC_Merging/8240/Wp_maxjet_9/h0Wp4-g0-repack.hdf5.yoda/PP_JetRates/log10_d_89
Title=$ 4j$
XLabel=~
YLabel=~
# xlow	 xhigh	 val	 errminus	 errplus
0.000000e+00	3.845098e-02	2.406885e-01	2.104582e-02	2.104582e-02
3.845098e-02	7.690196e-02	5.830824e-01	2.765514e-02	2.765514e-02
7.690196e-02	1.153529e-01	1.596514e+00	7.820397e-02	7.820397e-02
1.153529e-01	1.538039e-01	3.456529e+00	1.003626e-01	1.003626e-01
1.538039e-01	1.922549e-01	6.743661e+00	1.338844e-01	1.338844e-01
1.922549e-01	2.307059e-01	1.247197e+01	2.375652e-01	2.375652e-01
2.307059e-01	2.691569e-01	2.119059e+01	2.538176e-01	2.538176e-01
2.691569e-01	3.076078e-01	3.429532e+01	2.807314e-01	2.807314e-01
3.076078e-01	3.460588e-01	5.189935e+01	3.615486e-01	3.615486e-01
3.460588e-01	3.845098e-01	7.348152e+01	4.181883e-01	4.181883e-01
3.845098e-01	4.229608e-01	9.695493e+01	6.459490e-01	6.459490e-01
4.229608e-01	4.614118e-01	1.200654e+02	4.779246e-01	4.779246e-01
4.614118e-01	4.998627e-01	1.403094e+02	5.818120e-01	5.818120e-01
4.998627e-01	5.383137e-01	1.535240e+02	5.254562e-01	5.254562e-01
5.383137e-01	5.767647e-01	1.587125e+02	5.934627e-01	5.934627e-01
5.767647e-01	6.152157e-01	1.539991e+02	5.316732e-01	5.316732e-01
6.152157e-01	6.536667e-01	1.403029e+02	4.843527e-01	4.843527e-01
6.536667e-01	6.921176e-01	1.202648e+02	4.200270e-01	4.200270e-01
6.921176e-01	7.305686e-01	9.800619e+01	3.715896e-01	3.715896e-01
7.305686e-01	7.690196e-01	7.623349e+01	6.217568e-01	6.217568e-01
7.690196e-01	8.074706e-01	5.688656e+01	2.704397e-01	2.704397e-01
8.074706e-01	8.459216e-01	4.113095e+01	2.359091e-01	2.359091e-01
8.459216e-01	8.843725e-01	2.855171e+01	2.671577e-01	2.671577e-01
8.843725e-01	9.228235e-01	1.912755e+01	1.546765e-01	1.546765e-01
9.228235e-01	9.612745e-01	1.283876e+01	1.620005e-01	1.620005e-01
9.612745e-01	9.997255e-01	8.302980e+00	8.897676e-02	8.897676e-02
9.997255e-01	1.038176e+00	5.438065e+00	7.111857e-02	7.111857e-02
1.038176e+00	1.076627e+00	3.488645e+00	5.673206e-02	5.673206e-02
1.076627e+00	1.115078e+00	2.281682e+00	4.182689e-02	4.182689e-02
1.115078e+00	1.153529e+00	1.467161e+00	3.485898e-02	3.485898e-02
1.153529e+00	1.191980e+00	8.991912e-01	2.564862e-02	2.564862e-02
1.191980e+00	1.230431e+00	6.217162e-01	2.259604e-02	2.259604e-02
1.230431e+00	1.268882e+00	3.352423e-01	1.564950e-02	1.564950e-02
1.268882e+00	1.307333e+00	1.955893e-01	1.169611e-02	1.169611e-02
1.307333e+00	1.345784e+00	1.133679e-01	8.627027e-03	8.627027e-03
1.345784e+00	1.384235e+00	7.154862e-02	6.595621e-03	6.595621e-03
1.384235e+00	1.422686e+00	3.759109e-02	4.885418e-03	4.885418e-03
1.422686e+00	1.461137e+00	1.918309e-02	3.510077e-03	3.510077e-03
1.461137e+00	1.499588e+00	7.568994e-03	2.215519e-03	2.215519e-03
1.499588e+00	1.538039e+00	9.946815e-04	7.101361e-04	7.101361e-04
1.538039e+00	1.576490e+00	1.567492e-03	9.123962e-04	9.123962e-04
1.576490e+00	1.614941e+00	1.033850e-03	7.377787e-04	7.377787e-04
1.614941e+00	1.653392e+00	0.000000e+00	0.000000e+00	0.000000e+00
1.653392e+00	1.691843e+00	7.042579e-04	7.042580e-04	7.042580e-04
1.691843e+00	1.730294e+00	0.000000e+00	0.000000e+00	0.000000e+00
1.730294e+00	1.768745e+00	0.000000e+00	0.000000e+00	0.000000e+00
1.768745e+00	1.807196e+00	0.000000e+00	0.000000e+00	0.000000e+00
1.807196e+00	1.845647e+00	0.000000e+00	0.000000e+00	0.000000e+00
1.845647e+00	1.884098e+00	0.000000e+00	0.000000e+00	0.000000e+00
1.884098e+00	1.922549e+00	0.000000e+00	0.000000e+00	0.000000e+00
1.922549e+00	1.961000e+00	0.000000e+00	0.000000e+00	0.000000e+00
1.961000e+00	1.999451e+00	0.000000e+00	0.000000e+00	0.000000e+00
1.999451e+00	2.037902e+00	0.000000e+00	0.000000e+00	0.000000e+00
2.037902e+00	2.076353e+00	0.000000e+00	0.000000e+00	0.000000e+00
2.076353e+00	2.114804e+00	0.000000e+00	0.000000e+00	0.000000e+00
2.114804e+00	2.153255e+00	0.000000e+00	0.000000e+00	0.000000e+00
2.153255e+00	2.191706e+00	0.000000e+00	0.000000e+00	0.000000e+00
2.191706e+00	2.230157e+00	0.000000e+00	0.000000e+00	0.000000e+00
2.230157e+00	2.268608e+00	0.000000e+00	0.000000e+00	0.000000e+00
2.268608e+00	2.307059e+00	0.000000e+00	0.000000e+00	0.000000e+00
2.307059e+00	2.345510e+00	0.000000e+00	0.000000e+00	0.000000e+00
2.345510e+00	2.383961e+00	0.000000e+00	0.000000e+00	0.000000e+00
2.383961e+00	2.422412e+00	0.000000e+00	0.000000e+00	0.000000e+00
2.422412e+00	2.460863e+00	0.000000e+00	0.000000e+00	0.000000e+00
2.460863e+00	2.499314e+00	0.000000e+00	0.000000e+00	0.000000e+00
2.499314e+00	2.537765e+00	0.000000e+00	0.000000e+00	0.000000e+00
2.537765e+00	2.576216e+00	0.000000e+00	0.000000e+00	0.000000e+00
2.576216e+00	2.614667e+00	0.000000e+00	0.000000e+00	0.000000e+00
2.614667e+00	2.653118e+00	0.000000e+00	0.000000e+00	0.000000e+00
2.653118e+00	2.691569e+00	0.000000e+00	0.000000e+00	0.000000e+00
2.691569e+00	2.730020e+00	0.000000e+00	0.000000e+00	0.000000e+00
2.730020e+00	2.768471e+00	0.000000e+00	0.000000e+00	0.000000e+00
2.768471e+00	2.806922e+00	0.000000e+00	0.000000e+00	0.000000e+00
2.806922e+00	2.845373e+00	0.000000e+00	0.000000e+00	0.000000e+00
2.845373e+00	2.883824e+00	0.000000e+00	0.000000e+00	0.000000e+00
2.883824e+00	2.922275e+00	0.000000e+00	0.000000e+00	0.000000e+00
2.922275e+00	2.960725e+00	0.000000e+00	0.000000e+00	0.000000e+00
2.960725e+00	2.999176e+00	0.000000e+00	0.000000e+00	0.000000e+00
2.999176e+00	3.037627e+00	0.000000e+00	0.000000e+00	0.000000e+00
3.037627e+00	3.076078e+00	0.000000e+00	0.000000e+00	0.000000e+00
3.076078e+00	3.114529e+00	0.000000e+00	0.000000e+00	0.000000e+00
3.114529e+00	3.152980e+00	0.000000e+00	0.000000e+00	0.000000e+00
3.152980e+00	3.191431e+00	0.000000e+00	0.000000e+00	0.000000e+00
3.191431e+00	3.229882e+00	0.000000e+00	0.000000e+00	0.000000e+00
3.229882e+00	3.268333e+00	0.000000e+00	0.000000e+00	0.000000e+00
3.268333e+00	3.306784e+00	0.000000e+00	0.000000e+00	0.000000e+00
3.306784e+00	3.345235e+00	0.000000e+00	0.000000e+00	0.000000e+00
3.345235e+00	3.383686e+00	0.000000e+00	0.000000e+00	0.000000e+00
3.383686e+00	3.422137e+00	0.000000e+00	0.000000e+00	0.000000e+00
3.422137e+00	3.460588e+00	0.000000e+00	0.000000e+00	0.000000e+00
3.460588e+00	3.499039e+00	0.000000e+00	0.000000e+00	0.000000e+00
3.499039e+00	3.537490e+00	0.000000e+00	0.000000e+00	0.000000e+00
3.537490e+00	3.575941e+00	0.000000e+00	0.000000e+00	0.000000e+00
3.575941e+00	3.614392e+00	0.000000e+00	0.000000e+00	0.000000e+00
3.614392e+00	3.652843e+00	0.000000e+00	0.000000e+00	0.000000e+00
3.652843e+00	3.691294e+00	0.000000e+00	0.000000e+00	0.000000e+00
3.691294e+00	3.729745e+00	0.000000e+00	0.000000e+00	0.000000e+00
3.729745e+00	3.768196e+00	0.000000e+00	0.000000e+00	0.000000e+00
3.768196e+00	3.806647e+00	0.000000e+00	0.000000e+00	0.000000e+00
3.806647e+00	3.845098e+00	0.000000e+00	0.000000e+00	0.000000e+00
# END HISTO1D


# BEGIN HISTO1D //home/hschulz/tex/HPC_Merging/8240/Wp_maxjet_9/h0Wp5-g0-repack.hdf5.yoda/PP_JetRates/log10_d_89
LineColor={[HTML]{00F099}}
LineStyle=solid
Path=//home/hschulz/tex/HPC_Merging/8240/Wp_maxjet_9/h0Wp5-g0-repack.hdf5.yoda/PP_JetRates/log10_d_89
Title=$ 5j$
XLabel=~
YLabel=~
# xlow	 xhigh	 val	 errminus	 errplus
0.000000e+00	3.845098e-02	5.473377e-04	5.473377e-04	5.473377e-04
3.845098e-02	7.690196e-02	1.647982e-03	1.003143e-03	1.003143e-03
7.690196e-02	1.153529e-01	5.764907e-03	1.931831e-03	1.931831e-03
1.153529e-01	1.538039e-01	4.428972e-02	1.307860e-02	1.307860e-02
1.538039e-01	1.922549e-01	1.248587e-01	2.527865e-02	2.527865e-02
1.922549e-01	2.307059e-01	2.700442e-01	2.592567e-02	2.592567e-02
2.307059e-01	2.691569e-01	6.184138e-01	4.994657e-02	4.994657e-02
2.691569e-01	3.076078e-01	1.320634e+00	1.743271e-01	1.743271e-01
3.076078e-01	3.460588e-01	2.738519e+00	2.526995e-01	2.526995e-01
3.460588e-01	3.845098e-01	4.286253e+00	1.283863e-01	1.283863e-01
3.845098e-01	4.229608e-01	7.675928e+00	1.849587e-01	1.849587e-01
4.229608e-01	4.614118e-01	1.217052e+01	3.525347e-01	3.525347e-01
4.614118e-01	4.998627e-01	1.715614e+01	2.451530e-01	2.451530e-01
4.998627e-01	5.383137e-01	2.559171e+01	7.961989e-01	7.961989e-01
5.383137e-01	5.767647e-01	3.069715e+01	3.883561e-01	3.883561e-01
5.767647e-01	6.152157e-01	3.596437e+01	4.150218e-01	4.150218e-01
6.152157e-01	6.536667e-01	4.036030e+01	3.713176e-01	3.713176e-01
6.536667e-01	6.921176e-01	4.204297e+01	4.017234e-01	4.017234e-01
6.921176e-01	7.305686e-01	4.018603e+01	3.351165e-01	3.351165e-01
7.305686e-01	7.690196e-01	3.771423e+01	3.745816e-01	3.745816e-01
7.690196e-01	8.074706e-01	3.254823e+01	2.888926e-01	2.888926e-01
8.074706e-01	8.459216e-01	2.611251e+01	2.058791e-01	2.058791e-01
8.459216e-01	8.843725e-01	2.093124e+01	2.020163e-01	2.020163e-01
8.843725e-01	9.228235e-01	1.593670e+01	2.568448e-01	2.568448e-01
9.228235e-01	9.612745e-01	1.149992e+01	1.542498e-01	1.542498e-01
9.612745e-01	9.997255e-01	7.857933e+00	1.156122e-01	1.156122e-01
9.997255e-01	1.038176e+00	5.379579e+00	7.451311e-02	7.451311e-02
1.038176e+00	1.076627e+00	3.638202e+00	9.328597e-02	9.328597e-02
1.076627e+00	1.115078e+00	2.273261e+00	5.853814e-02	5.853814e-02
1.115078e+00	1.153529e+00	1.379188e+00	3.177591e-02	3.177591e-02
1.153529e+00	1.191980e+00	8.696583e-01	2.306211e-02	2.306211e-02
1.191980e+00	1.230431e+00	5.524171e-01	2.030982e-02	2.030982e-02
1.230431e+00	1.268882e+00	3.701261e-01	1.591632e-02	1.591632e-02
1.268882e+00	1.307333e+00	2.273762e-01	1.065257e-02	1.065257e-02
1.307333e+00	1.345784e+00	1.276490e-01	8.446516e-03	8.446516e-03
1.345784e+00	1.384235e+00	7.918957e-02	7.641250e-03	7.641250e-03
1.384235e+00	1.422686e+00	4.611805e-02	4.822304e-03	4.822304e-03
1.422686e+00	1.461137e+00	2.346938e-02	3.364929e-03	3.364929e-03
1.461137e+00	1.499588e+00	1.477445e-02	2.759151e-03	2.759151e-03
1.499588e+00	1.538039e+00	8.495449e-03	1.854591e-03	1.854591e-03
1.538039e+00	1.576490e+00	4.302255e-03	1.270744e-03	1.270744e-03
1.576490e+00	1.614941e+00	3.669816e-03	1.249491e-03	1.249491e-03
1.614941e+00	1.653392e+00	4.842537e-04	4.842537e-04	4.842537e-04
1.653392e+00	1.691843e+00	0.000000e+00	0.000000e+00	0.000000e+00
1.691843e+00	1.730294e+00	5.232405e-04	5.232405e-04	5.232405e-04
1.730294e+00	1.768745e+00	0.000000e+00	0.000000e+00	0.000000e+00
1.768745e+00	1.807196e+00	0.000000e+00	0.000000e+00	0.000000e+00
1.807196e+00	1.845647e+00	0.000000e+00	0.000000e+00	0.000000e+00
1.845647e+00	1.884098e+00	0.000000e+00	0.000000e+00	0.000000e+00
1.884098e+00	1.922549e+00	0.000000e+00	0.000000e+00	0.000000e+00
1.922549e+00	1.961000e+00	0.000000e+00	0.000000e+00	0.000000e+00
1.961000e+00	1.999451e+00	0.000000e+00	0.000000e+00	0.000000e+00
1.999451e+00	2.037902e+00	0.000000e+00	0.000000e+00	0.000000e+00
2.037902e+00	2.076353e+00	0.000000e+00	0.000000e+00	0.000000e+00
2.076353e+00	2.114804e+00	0.000000e+00	0.000000e+00	0.000000e+00
2.114804e+00	2.153255e+00	0.000000e+00	0.000000e+00	0.000000e+00
2.153255e+00	2.191706e+00	0.000000e+00	0.000000e+00	0.000000e+00
2.191706e+00	2.230157e+00	0.000000e+00	0.000000e+00	0.000000e+00
2.230157e+00	2.268608e+00	0.000000e+00	0.000000e+00	0.000000e+00
2.268608e+00	2.307059e+00	0.000000e+00	0.000000e+00	0.000000e+00
2.307059e+00	2.345510e+00	0.000000e+00	0.000000e+00	0.000000e+00
2.345510e+00	2.383961e+00	0.000000e+00	0.000000e+00	0.000000e+00
2.383961e+00	2.422412e+00	0.000000e+00	0.000000e+00	0.000000e+00
2.422412e+00	2.460863e+00	0.000000e+00	0.000000e+00	0.000000e+00
2.460863e+00	2.499314e+00	0.000000e+00	0.000000e+00	0.000000e+00
2.499314e+00	2.537765e+00	0.000000e+00	0.000000e+00	0.000000e+00
2.537765e+00	2.576216e+00	0.000000e+00	0.000000e+00	0.000000e+00
2.576216e+00	2.614667e+00	0.000000e+00	0.000000e+00	0.000000e+00
2.614667e+00	2.653118e+00	0.000000e+00	0.000000e+00	0.000000e+00
2.653118e+00	2.691569e+00	0.000000e+00	0.000000e+00	0.000000e+00
2.691569e+00	2.730020e+00	0.000000e+00	0.000000e+00	0.000000e+00
2.730020e+00	2.768471e+00	0.000000e+00	0.000000e+00	0.000000e+00
2.768471e+00	2.806922e+00	0.000000e+00	0.000000e+00	0.000000e+00
2.806922e+00	2.845373e+00	0.000000e+00	0.000000e+00	0.000000e+00
2.845373e+00	2.883824e+00	0.000000e+00	0.000000e+00	0.000000e+00
2.883824e+00	2.922275e+00	0.000000e+00	0.000000e+00	0.000000e+00
2.922275e+00	2.960725e+00	0.000000e+00	0.000000e+00	0.000000e+00
2.960725e+00	2.999176e+00	0.000000e+00	0.000000e+00	0.000000e+00
2.999176e+00	3.037627e+00	0.000000e+00	0.000000e+00	0.000000e+00
3.037627e+00	3.076078e+00	0.000000e+00	0.000000e+00	0.000000e+00
3.076078e+00	3.114529e+00	0.000000e+00	0.000000e+00	0.000000e+00
3.114529e+00	3.152980e+00	0.000000e+00	0.000000e+00	0.000000e+00
3.152980e+00	3.191431e+00	0.000000e+00	0.000000e+00	0.000000e+00
3.191431e+00	3.229882e+00	0.000000e+00	0.000000e+00	0.000000e+00
3.229882e+00	3.268333e+00	0.000000e+00	0.000000e+00	0.000000e+00
3.268333e+00	3.306784e+00	0.000000e+00	0.000000e+00	0.000000e+00
3.306784e+00	3.345235e+00	0.000000e+00	0.000000e+00	0.000000e+00
3.345235e+00	3.383686e+00	0.000000e+00	0.000000e+00	0.000000e+00
3.383686e+00	3.422137e+00	0.000000e+00	0.000000e+00	0.000000e+00
3.422137e+00	3.460588e+00	0.000000e+00	0.000000e+00	0.000000e+00
3.460588e+00	3.499039e+00	0.000000e+00	0.000000e+00	0.000000e+00
3.499039e+00	3.537490e+00	0.000000e+00	0.000000e+00	0.000000e+00
3.537490e+00	3.575941e+00	0.000000e+00	0.000000e+00	0.000000e+00
3.575941e+00	3.614392e+00	0.000000e+00	0.000000e+00	0.000000e+00
3.614392e+00	3.652843e+00	0.000000e+00	0.000000e+00	0.000000e+00
3.652843e+00	3.691294e+00	0.000000e+00	0.000000e+00	0.000000e+00
3.691294e+00	3.729745e+00	0.000000e+00	0.000000e+00	0.000000e+00
3.729745e+00	3.768196e+00	0.000000e+00	0.000000e+00	0.000000e+00
3.768196e+00	3.806647e+00	0.000000e+00	0.000000e+00	0.000000e+00
3.806647e+00	3.845098e+00	0.000000e+00	0.000000e+00	0.000000e+00
# END HISTO1D


# BEGIN HISTO1D //home/hschulz/tex/HPC_Merging/8240/Wp_maxjet_9/h0Wp6-g0-repack.hdf5.yoda/PP_JetRates/log10_d_89
LineColor={[HTML]{00C5ED}}
LineStyle=solid
Path=//home/hschulz/tex/HPC_Merging/8240/Wp_maxjet_9/h0Wp6-g0-repack.hdf5.yoda/PP_JetRates/log10_d_89
Title=$ 6j$
XLabel=~
YLabel=~
# xlow	 xhigh	 val	 errminus	 errplus
0.000000e+00	3.845098e-02	0.000000e+00	0.000000e+00	0.000000e+00
3.845098e-02	7.690196e-02	0.000000e+00	0.000000e+00	0.000000e+00
7.690196e-02	1.153529e-01	0.000000e+00	0.000000e+00	0.000000e+00
1.153529e-01	1.538039e-01	0.000000e+00	0.000000e+00	0.000000e+00
1.538039e-01	1.922549e-01	1.449291e-03	9.188487e-04	9.188487e-04
1.922549e-01	2.307059e-01	1.312185e-03	7.885129e-04	7.885129e-04
2.307059e-01	2.691569e-01	3.391355e-03	1.158926e-03	1.158926e-03
2.691569e-01	3.076078e-01	3.826821e-02	1.572162e-02	1.572162e-02
3.076078e-01	3.460588e-01	6.992174e-02	3.015268e-02	3.015268e-02
3.460588e-01	3.845098e-01	1.159812e-01	2.030396e-02	2.030396e-02
3.845098e-01	4.229608e-01	2.434564e-01	3.911076e-02	3.911076e-02
4.229608e-01	4.614118e-01	4.519279e-01	2.714962e-02	2.714962e-02
4.614118e-01	4.998627e-01	9.947273e-01	7.571321e-02	7.571321e-02
4.998627e-01	5.383137e-01	1.790300e+00	1.121343e-01	1.121343e-01
5.383137e-01	5.767647e-01	2.818985e+00	1.594946e-01	1.594946e-01
5.767647e-01	6.152157e-01	4.577798e+00	2.601874e-01	2.601874e-01
6.152157e-01	6.536667e-01	5.860300e+00	2.038558e-01	2.038558e-01
6.536667e-01	6.921176e-01	7.432575e+00	1.863282e-01	1.863282e-01
6.921176e-01	7.305686e-01	8.566677e+00	1.513854e-01	1.513854e-01
7.305686e-01	7.690196e-01	9.904408e+00	2.170242e-01	2.170242e-01
7.690196e-01	8.074706e-01	9.740927e+00	1.636417e-01	1.636417e-01
8.074706e-01	8.459216e-01	9.637429e+00	1.429423e-01	1.429423e-01
8.459216e-01	8.843725e-01	9.052670e+00	1.551921e-01	1.551921e-01
8.843725e-01	9.228235e-01	7.741869e+00	1.600428e-01	1.600428e-01
9.228235e-01	9.612745e-01	6.734792e+00	4.571508e-01	4.571508e-01
9.612745e-01	9.997255e-01	5.117729e+00	8.810963e-02	8.810963e-02
9.997255e-01	1.038176e+00	3.881905e+00	8.280770e-02	8.280770e-02
1.038176e+00	1.076627e+00	2.691771e+00	5.794747e-02	5.794747e-02
1.076627e+00	1.115078e+00	1.778451e+00	3.185565e-02	3.185565e-02
1.115078e+00	1.153529e+00	1.290130e+00	3.582925e-02	3.582925e-02
1.153529e+00	1.191980e+00	7.978492e-01	4.566354e-02	4.566354e-02
1.191980e+00	1.230431e+00	5.151525e-01	1.502621e-02	1.502621e-02
1.230431e+00	1.268882e+00	3.093839e-01	1.234426e-02	1.234426e-02
1.268882e+00	1.307333e+00	1.792335e-01	7.234302e-03	7.234302e-03
1.307333e+00	1.345784e+00	1.247838e-01	6.983705e-03	6.983705e-03
1.345784e+00	1.384235e+00	7.278068e-02	4.700792e-03	4.700792e-03
1.384235e+00	1.422686e+00	5.272016e-02	3.664622e-03	3.664622e-03
1.422686e+00	1.461137e+00	2.301618e-02	2.382609e-03	2.382609e-03
1.461137e+00	1.499588e+00	1.974615e-02	2.156484e-03	2.156484e-03
1.499588e+00	1.538039e+00	1.106336e-02	1.585063e-03	1.585063e-03
1.538039e+00	1.576490e+00	6.134418e-03	1.202904e-03	1.202904e-03
1.576490e+00	1.614941e+00	3.305404e-03	8.675004e-04	8.675004e-04
1.614941e+00	1.653392e+00	2.800908e-03	7.450506e-04	7.450506e-04
1.653392e+00	1.691843e+00	1.467157e-03	5.335503e-04	5.335503e-04
1.691843e+00	1.730294e+00	5.950345e-04	3.464074e-04	3.464074e-04
1.730294e+00	1.768745e+00	5.492000e-04	3.944528e-04	3.944528e-04
1.768745e+00	1.807196e+00	2.026670e-04	2.026669e-04	2.026669e-04
1.807196e+00	1.845647e+00	0.000000e+00	0.000000e+00	0.000000e+00
1.845647e+00	1.884098e+00	0.000000e+00	0.000000e+00	0.000000e+00
1.884098e+00	1.922549e+00	0.000000e+00	0.000000e+00	0.000000e+00
1.922549e+00	1.961000e+00	0.000000e+00	0.000000e+00	0.000000e+00
1.961000e+00	1.999451e+00	0.000000e+00	0.000000e+00	0.000000e+00
1.999451e+00	2.037902e+00	0.000000e+00	0.000000e+00	0.000000e+00
2.037902e+00	2.076353e+00	0.000000e+00	0.000000e+00	0.000000e+00
2.076353e+00	2.114804e+00	0.000000e+00	0.000000e+00	0.000000e+00
2.114804e+00	2.153255e+00	0.000000e+00	0.000000e+00	0.000000e+00
2.153255e+00	2.191706e+00	0.000000e+00	0.000000e+00	0.000000e+00
2.191706e+00	2.230157e+00	0.000000e+00	0.000000e+00	0.000000e+00
2.230157e+00	2.268608e+00	0.000000e+00	0.000000e+00	0.000000e+00
2.268608e+00	2.307059e+00	0.000000e+00	0.000000e+00	0.000000e+00
2.307059e+00	2.345510e+00	0.000000e+00	0.000000e+00	0.000000e+00
2.345510e+00	2.383961e+00	0.000000e+00	0.000000e+00	0.000000e+00
2.383961e+00	2.422412e+00	0.000000e+00	0.000000e+00	0.000000e+00
2.422412e+00	2.460863e+00	0.000000e+00	0.000000e+00	0.000000e+00
2.460863e+00	2.499314e+00	0.000000e+00	0.000000e+00	0.000000e+00
2.499314e+00	2.537765e+00	0.000000e+00	0.000000e+00	0.000000e+00
2.537765e+00	2.576216e+00	0.000000e+00	0.000000e+00	0.000000e+00
2.576216e+00	2.614667e+00	0.000000e+00	0.000000e+00	0.000000e+00
2.614667e+00	2.653118e+00	0.000000e+00	0.000000e+00	0.000000e+00
2.653118e+00	2.691569e+00	0.000000e+00	0.000000e+00	0.000000e+00
2.691569e+00	2.730020e+00	0.000000e+00	0.000000e+00	0.000000e+00
2.730020e+00	2.768471e+00	0.000000e+00	0.000000e+00	0.000000e+00
2.768471e+00	2.806922e+00	0.000000e+00	0.000000e+00	0.000000e+00
2.806922e+00	2.845373e+00	0.000000e+00	0.000000e+00	0.000000e+00
2.845373e+00	2.883824e+00	0.000000e+00	0.000000e+00	0.000000e+00
2.883824e+00	2.922275e+00	0.000000e+00	0.000000e+00	0.000000e+00
2.922275e+00	2.960725e+00	0.000000e+00	0.000000e+00	0.000000e+00
2.960725e+00	2.999176e+00	0.000000e+00	0.000000e+00	0.000000e+00
2.999176e+00	3.037627e+00	0.000000e+00	0.000000e+00	0.000000e+00
3.037627e+00	3.076078e+00	0.000000e+00	0.000000e+00	0.000000e+00
3.076078e+00	3.114529e+00	0.000000e+00	0.000000e+00	0.000000e+00
3.114529e+00	3.152980e+00	0.000000e+00	0.000000e+00	0.000000e+00
3.152980e+00	3.191431e+00	0.000000e+00	0.000000e+00	0.000000e+00
3.191431e+00	3.229882e+00	0.000000e+00	0.000000e+00	0.000000e+00
3.229882e+00	3.268333e+00	0.000000e+00	0.000000e+00	0.000000e+00
3.268333e+00	3.306784e+00	0.000000e+00	0.000000e+00	0.000000e+00
3.306784e+00	3.345235e+00	0.000000e+00	0.000000e+00	0.000000e+00
3.345235e+00	3.383686e+00	0.000000e+00	0.000000e+00	0.000000e+00
3.383686e+00	3.422137e+00	0.000000e+00	0.000000e+00	0.000000e+00
3.422137e+00	3.460588e+00	0.000000e+00	0.000000e+00	0.000000e+00
3.460588e+00	3.499039e+00	0.000000e+00	0.000000e+00	0.000000e+00
3.499039e+00	3.537490e+00	0.000000e+00	0.000000e+00	0.000000e+00
3.537490e+00	3.575941e+00	0.000000e+00	0.000000e+00	0.000000e+00
3.575941e+00	3.614392e+00	0.000000e+00	0.000000e+00	0.000000e+00
3.614392e+00	3.652843e+00	0.000000e+00	0.000000e+00	0.000000e+00
3.652843e+00	3.691294e+00	0.000000e+00	0.000000e+00	0.000000e+00
3.691294e+00	3.729745e+00	0.000000e+00	0.000000e+00	0.000000e+00
3.729745e+00	3.768196e+00	0.000000e+00	0.000000e+00	0.000000e+00
3.768196e+00	3.806647e+00	0.000000e+00	0.000000e+00	0.000000e+00
3.806647e+00	3.845098e+00	0.000000e+00	0.000000e+00	0.000000e+00
# END HISTO1D


# BEGIN HISTO1D //home/hschulz/tex/HPC_Merging/8240/Wp_maxjet_9/Wp7.yoda/PP_JetRates/log10_d_89
LineColor={[HTML]{0047EA}}
LineStyle=solid
Path=//home/hschulz/tex/HPC_Merging/8240/Wp_maxjet_9/Wp7.yoda/PP_JetRates/log10_d_89
Title=$ 7j$
XLabel=~
YLabel=~
# xlow	 xhigh	 val	 errminus	 errplus
0.000000e+00	3.845098e-02	0.000000e+00	0.000000e+00	0.000000e+00
3.845098e-02	7.690196e-02	0.000000e+00	0.000000e+00	0.000000e+00
7.690196e-02	1.153529e-01	0.000000e+00	0.000000e+00	0.000000e+00
1.153529e-01	1.538039e-01	0.000000e+00	0.000000e+00	0.000000e+00
1.538039e-01	1.922549e-01	0.000000e+00	0.000000e+00	0.000000e+00
1.922549e-01	2.307059e-01	0.000000e+00	0.000000e+00	0.000000e+00
2.307059e-01	2.691569e-01	0.000000e+00	0.000000e+00	0.000000e+00
2.691569e-01	3.076078e-01	0.000000e+00	0.000000e+00	0.000000e+00
3.076078e-01	3.460588e-01	0.000000e+00	0.000000e+00	0.000000e+00
3.460588e-01	3.845098e-01	0.000000e+00	0.000000e+00	0.000000e+00
3.845098e-01	4.229608e-01	2.997256e-03	1.863921e-03	1.863921e-03
4.229608e-01	4.614118e-01	2.589859e-03	8.160274e-04	8.160274e-04
4.614118e-01	4.998627e-01	9.658892e-03	2.452435e-03	2.452435e-03
4.998627e-01	5.383137e-01	5.967733e-02	3.505223e-02	3.505223e-02
5.383137e-01	5.767647e-01	9.184456e-02	1.279783e-02	1.279783e-02
5.767647e-01	6.152157e-01	1.422173e-01	1.473500e-02	1.473500e-02
6.152157e-01	6.536667e-01	3.476513e-01	3.990147e-02	3.990147e-02
6.536667e-01	6.921176e-01	5.071946e-01	2.371492e-02	2.371492e-02
6.921176e-01	7.305686e-01	8.797899e-01	4.286435e-02	4.286435e-02
7.305686e-01	7.690196e-01	1.356954e+00	9.740743e-02	9.740743e-02
7.690196e-01	8.074706e-01	1.752063e+00	6.170628e-02	6.170628e-02
8.074706e-01	8.459216e-01	2.190203e+00	1.044392e-01	1.044392e-01
8.459216e-01	8.843725e-01	2.655415e+00	8.369558e-02	8.369558e-02
8.843725e-01	9.228235e-01	2.844662e+00	6.658554e-02	6.658554e-02
9.228235e-01	9.612745e-01	3.186908e+00	1.181059e-01	1.181059e-01
9.612745e-01	9.997255e-01	3.013056e+00	6.058772e-02	6.058772e-02
9.997255e-01	1.038176e+00	2.806481e+00	7.008222e-02	7.008222e-02
1.038176e+00	1.076627e+00	2.600809e+00	8.430032e-02	8.430032e-02
1.076627e+00	1.115078e+00	2.008227e+00	3.993012e-02	3.993012e-02
1.115078e+00	1.153529e+00	1.737560e+00	1.118470e-01	1.118470e-01
1.153529e+00	1.191980e+00	1.364279e+00	8.623757e-02	8.623757e-02
1.191980e+00	1.230431e+00	8.925076e-01	2.173458e-02	2.173458e-02
1.230431e+00	1.268882e+00	6.393493e-01	1.926826e-02	1.926826e-02
1.268882e+00	1.307333e+00	4.517042e-01	1.147294e-02	1.147294e-02
1.307333e+00	1.345784e+00	3.000541e-01	7.838537e-03	7.838537e-03
1.345784e+00	1.384235e+00	2.194508e-01	9.029909e-03	9.029909e-03
1.384235e+00	1.422686e+00	1.617288e-01	1.319977e-02	1.319977e-02
1.422686e+00	1.461137e+00	1.023487e-01	4.551042e-03	4.551042e-03
1.461137e+00	1.499588e+00	6.727112e-02	4.365996e-03	4.365996e-03
1.499588e+00	1.538039e+00	4.683600e-02	5.392658e-03	5.392658e-03
1.538039e+00	1.576490e+00	2.095631e-02	1.686285e-03	1.686285e-03
1.576490e+00	1.614941e+00	1.662369e-02	1.563792e-03	1.563792e-03
1.614941e+00	1.653392e+00	1.033495e-02	1.220118e-03	1.220118e-03
1.653392e+00	1.691843e+00	4.090726e-03	7.863208e-04	7.863208e-04
1.691843e+00	1.730294e+00	2.232524e-03	5.373442e-04	5.373442e-04
1.730294e+00	1.768745e+00	1.090249e-03	3.645430e-04	3.645430e-04
1.768745e+00	1.807196e+00	1.069844e-03	4.046475e-04	4.046475e-04
1.807196e+00	1.845647e+00	3.329300e-04	1.722422e-04	1.722422e-04
1.845647e+00	1.884098e+00	1.004041e-04	1.004041e-04	1.004041e-04
1.884098e+00	1.922549e+00	8.363257e-05	8.363258e-05	8.363258e-05
1.922549e+00	1.961000e+00	0.000000e+00	0.000000e+00	0.000000e+00
1.961000e+00	1.999451e+00	0.000000e+00	0.000000e+00	0.000000e+00
1.999451e+00	2.037902e+00	0.000000e+00	0.000000e+00	0.000000e+00
2.037902e+00	2.076353e+00	0.000000e+00	0.000000e+00	0.000000e+00
2.076353e+00	2.114804e+00	0.000000e+00	0.000000e+00	0.000000e+00
2.114804e+00	2.153255e+00	0.000000e+00	0.000000e+00	0.000000e+00
2.153255e+00	2.191706e+00	0.000000e+00	0.000000e+00	0.000000e+00
2.191706e+00	2.230157e+00	0.000000e+00	0.000000e+00	0.000000e+00
2.230157e+00	2.268608e+00	0.000000e+00	0.000000e+00	0.000000e+00
2.268608e+00	2.307059e+00	0.000000e+00	0.000000e+00	0.000000e+00
2.307059e+00	2.345510e+00	0.000000e+00	0.000000e+00	0.000000e+00
2.345510e+00	2.383961e+00	0.000000e+00	0.000000e+00	0.000000e+00
2.383961e+00	2.422412e+00	0.000000e+00	0.000000e+00	0.000000e+00
2.422412e+00	2.460863e+00	0.000000e+00	0.000000e+00	0.000000e+00
2.460863e+00	2.499314e+00	0.000000e+00	0.000000e+00	0.000000e+00
2.499314e+00	2.537765e+00	0.000000e+00	0.000000e+00	0.000000e+00
2.537765e+00	2.576216e+00	0.000000e+00	0.000000e+00	0.000000e+00
2.576216e+00	2.614667e+00	0.000000e+00	0.000000e+00	0.000000e+00
2.614667e+00	2.653118e+00	0.000000e+00	0.000000e+00	0.000000e+00
2.653118e+00	2.691569e+00	0.000000e+00	0.000000e+00	0.000000e+00
2.691569e+00	2.730020e+00	0.000000e+00	0.000000e+00	0.000000e+00
2.730020e+00	2.768471e+00	0.000000e+00	0.000000e+00	0.000000e+00
2.768471e+00	2.806922e+00	0.000000e+00	0.000000e+00	0.000000e+00
2.806922e+00	2.845373e+00	0.000000e+00	0.000000e+00	0.000000e+00
2.845373e+00	2.883824e+00	0.000000e+00	0.000000e+00	0.000000e+00
2.883824e+00	2.922275e+00	0.000000e+00	0.000000e+00	0.000000e+00
2.922275e+00	2.960725e+00	0.000000e+00	0.000000e+00	0.000000e+00
2.960725e+00	2.999176e+00	0.000000e+00	0.000000e+00	0.000000e+00
2.999176e+00	3.037627e+00	0.000000e+00	0.000000e+00	0.000000e+00
3.037627e+00	3.076078e+00	0.000000e+00	0.000000e+00	0.000000e+00
3.076078e+00	3.114529e+00	0.000000e+00	0.000000e+00	0.000000e+00
3.114529e+00	3.152980e+00	0.000000e+00	0.000000e+00	0.000000e+00
3.152980e+00	3.191431e+00	0.000000e+00	0.000000e+00	0.000000e+00
3.191431e+00	3.229882e+00	0.000000e+00	0.000000e+00	0.000000e+00
3.229882e+00	3.268333e+00	0.000000e+00	0.000000e+00	0.000000e+00
3.268333e+00	3.306784e+00	0.000000e+00	0.000000e+00	0.000000e+00
3.306784e+00	3.345235e+00	0.000000e+00	0.000000e+00	0.000000e+00
3.345235e+00	3.383686e+00	0.000000e+00	0.000000e+00	0.000000e+00
3.383686e+00	3.422137e+00	0.000000e+00	0.000000e+00	0.000000e+00
3.422137e+00	3.460588e+00	0.000000e+00	0.000000e+00	0.000000e+00
3.460588e+00	3.499039e+00	0.000000e+00	0.000000e+00	0.000000e+00
3.499039e+00	3.537490e+00	0.000000e+00	0.000000e+00	0.000000e+00
3.537490e+00	3.575941e+00	0.000000e+00	0.000000e+00	0.000000e+00
3.575941e+00	3.614392e+00	0.000000e+00	0.000000e+00	0.000000e+00
3.614392e+00	3.652843e+00	0.000000e+00	0.000000e+00	0.000000e+00
3.652843e+00	3.691294e+00	0.000000e+00	0.000000e+00	0.000000e+00
3.691294e+00	3.729745e+00	0.000000e+00	0.000000e+00	0.000000e+00
3.729745e+00	3.768196e+00	0.000000e+00	0.000000e+00	0.000000e+00
3.768196e+00	3.806647e+00	0.000000e+00	0.000000e+00	0.000000e+00
3.806647e+00	3.845098e+00	0.000000e+00	0.000000e+00	0.000000e+00
# END HISTO1D


# BEGIN HISTO1D //home/hschulz/tex/HPC_Merging/8240/Wp_maxjet_9/Wp8.yoda/PP_JetRates/log10_d_89
LineColor={[HTML]{3300E7}}
LineStyle=solid
Path=//home/hschulz/tex/HPC_Merging/8240/Wp_maxjet_9/Wp8.yoda/PP_JetRates/log10_d_89
Title=$ 8j$
XLabel=~
YLabel=~
# xlow	 xhigh	 val	 errminus	 errplus
0.000000e+00	3.845098e-02	0.000000e+00	0.000000e+00	0.000000e+00
3.845098e-02	7.690196e-02	0.000000e+00	0.000000e+00	0.000000e+00
7.690196e-02	1.153529e-01	0.000000e+00	0.000000e+00	0.000000e+00
1.153529e-01	1.538039e-01	0.000000e+00	0.000000e+00	0.000000e+00
1.538039e-01	1.922549e-01	0.000000e+00	0.000000e+00	0.000000e+00
1.922549e-01	2.307059e-01	0.000000e+00	0.000000e+00	0.000000e+00
2.307059e-01	2.691569e-01	0.000000e+00	0.000000e+00	0.000000e+00
2.691569e-01	3.076078e-01	0.000000e+00	0.000000e+00	0.000000e+00
3.076078e-01	3.460588e-01	0.000000e+00	0.000000e+00	0.000000e+00
3.460588e-01	3.845098e-01	0.000000e+00	0.000000e+00	0.000000e+00
3.845098e-01	4.229608e-01	0.000000e+00	0.000000e+00	0.000000e+00
4.229608e-01	4.614118e-01	0.000000e+00	0.000000e+00	0.000000e+00
4.614118e-01	4.998627e-01	0.000000e+00	0.000000e+00	0.000000e+00
4.998627e-01	5.383137e-01	8.145783e-06	8.145782e-06	8.145782e-06
5.383137e-01	5.767647e-01	4.860950e-05	4.860950e-05	4.860950e-05
5.767647e-01	6.152157e-01	1.489611e-03	7.050558e-04	7.050558e-04
6.152157e-01	6.536667e-01	2.176850e-03	4.998564e-04	4.998564e-04
6.536667e-01	6.921176e-01	6.552799e-03	1.134633e-03	1.134633e-03
6.921176e-01	7.305686e-01	1.645623e-02	2.404017e-03	2.404017e-03
7.305686e-01	7.690196e-01	3.699516e-02	6.070836e-03	6.070836e-03
7.690196e-01	8.074706e-01	6.511235e-02	6.522907e-03	6.522907e-03
8.074706e-01	8.459216e-01	1.455247e-01	2.254892e-02	2.254892e-02
8.459216e-01	8.843725e-01	1.634252e-01	1.170633e-02	1.170633e-02
8.843725e-01	9.228235e-01	3.333375e-01	8.206680e-02	8.206680e-02
9.228235e-01	9.612745e-01	3.238576e-01	1.612421e-02	1.612421e-02
9.612745e-01	9.997255e-01	3.775415e-01	2.085081e-02	2.085081e-02
9.997255e-01	1.038176e+00	4.286264e-01	2.070402e-02	2.070402e-02
1.038176e+00	1.076627e+00	5.078544e-01	5.236876e-02	5.236876e-02
1.076627e+00	1.115078e+00	4.334108e-01	1.683553e-02	1.683553e-02
1.115078e+00	1.153529e+00	4.569153e-01	4.861308e-02	4.861308e-02
1.153529e+00	1.191980e+00	4.032818e-01	2.437088e-02	2.437088e-02
1.191980e+00	1.230431e+00	2.998068e-01	1.763158e-02	1.763158e-02
1.230431e+00	1.268882e+00	2.482065e-01	2.079537e-02	2.079537e-02
1.268882e+00	1.307333e+00	1.785893e-01	7.342038e-03	7.342038e-03
1.307333e+00	1.345784e+00	1.484600e-01	1.758084e-02	1.758084e-02
1.345784e+00	1.384235e+00	9.071366e-02	3.630505e-03	3.630505e-03
1.384235e+00	1.422686e+00	6.435107e-02	2.916589e-03	2.916589e-03
1.422686e+00	1.461137e+00	4.377306e-02	1.977379e-03	1.977379e-03
1.461137e+00	1.499588e+00	3.573990e-02	4.723972e-03	4.723972e-03
1.499588e+00	1.538039e+00	1.963180e-02	1.305347e-03	1.305347e-03
1.538039e+00	1.576490e+00	1.293722e-02	1.015333e-03	1.015333e-03
1.576490e+00	1.614941e+00	7.166503e-03	6.913043e-04	6.913043e-04
1.614941e+00	1.653392e+00	4.878157e-03	5.368236e-04	5.368236e-04
1.653392e+00	1.691843e+00	2.872984e-03	4.125860e-04	4.125860e-04
1.691843e+00	1.730294e+00	1.564530e-03	3.111361e-04	3.111361e-04
1.730294e+00	1.768745e+00	1.310962e-03	2.850236e-04	2.850236e-04
1.768745e+00	1.807196e+00	5.380651e-04	2.043305e-04	2.043305e-04
1.807196e+00	1.845647e+00	5.214072e-04	1.763065e-04	1.763065e-04
1.845647e+00	1.884098e+00	8.769213e-05	6.769072e-05	6.769072e-05
1.884098e+00	1.922549e+00	1.119955e-04	1.119955e-04	1.119955e-04
1.922549e+00	1.961000e+00	1.557912e-05	1.557912e-05	1.557912e-05
1.961000e+00	1.999451e+00	0.000000e+00	0.000000e+00	0.000000e+00
1.999451e+00	2.037902e+00	9.917864e-05	9.917864e-05	9.917864e-05
2.037902e+00	2.076353e+00	0.000000e+00	0.000000e+00	0.000000e+00
2.076353e+00	2.114804e+00	0.000000e+00	0.000000e+00	0.000000e+00
2.114804e+00	2.153255e+00	0.000000e+00	0.000000e+00	0.000000e+00
2.153255e+00	2.191706e+00	0.000000e+00	0.000000e+00	0.000000e+00
2.191706e+00	2.230157e+00	0.000000e+00	0.000000e+00	0.000000e+00
2.230157e+00	2.268608e+00	0.000000e+00	0.000000e+00	0.000000e+00
2.268608e+00	2.307059e+00	0.000000e+00	0.000000e+00	0.000000e+00
2.307059e+00	2.345510e+00	0.000000e+00	0.000000e+00	0.000000e+00
2.345510e+00	2.383961e+00	0.000000e+00	0.000000e+00	0.000000e+00
2.383961e+00	2.422412e+00	0.000000e+00	0.000000e+00	0.000000e+00
2.422412e+00	2.460863e+00	0.000000e+00	0.000000e+00	0.000000e+00
2.460863e+00	2.499314e+00	0.000000e+00	0.000000e+00	0.000000e+00
2.499314e+00	2.537765e+00	0.000000e+00	0.000000e+00	0.000000e+00
2.537765e+00	2.576216e+00	0.000000e+00	0.000000e+00	0.000000e+00
2.576216e+00	2.614667e+00	0.000000e+00	0.000000e+00	0.000000e+00
2.614667e+00	2.653118e+00	0.000000e+00	0.000000e+00	0.000000e+00
2.653118e+00	2.691569e+00	0.000000e+00	0.000000e+00	0.000000e+00
2.691569e+00	2.730020e+00	0.000000e+00	0.000000e+00	0.000000e+00
2.730020e+00	2.768471e+00	0.000000e+00	0.000000e+00	0.000000e+00
2.768471e+00	2.806922e+00	0.000000e+00	0.000000e+00	0.000000e+00
2.806922e+00	2.845373e+00	0.000000e+00	0.000000e+00	0.000000e+00
2.845373e+00	2.883824e+00	0.000000e+00	0.000000e+00	0.000000e+00
2.883824e+00	2.922275e+00	0.000000e+00	0.000000e+00	0.000000e+00
2.922275e+00	2.960725e+00	0.000000e+00	0.000000e+00	0.000000e+00
2.960725e+00	2.999176e+00	0.000000e+00	0.000000e+00	0.000000e+00
2.999176e+00	3.037627e+00	0.000000e+00	0.000000e+00	0.000000e+00
3.037627e+00	3.076078e+00	0.000000e+00	0.000000e+00	0.000000e+00
3.076078e+00	3.114529e+00	0.000000e+00	0.000000e+00	0.000000e+00
3.114529e+00	3.152980e+00	0.000000e+00	0.000000e+00	0.000000e+00
3.152980e+00	3.191431e+00	0.000000e+00	0.000000e+00	0.000000e+00
3.191431e+00	3.229882e+00	0.000000e+00	0.000000e+00	0.000000e+00
3.229882e+00	3.268333e+00	0.000000e+00	0.000000e+00	0.000000e+00
3.268333e+00	3.306784e+00	0.000000e+00	0.000000e+00	0.000000e+00
3.306784e+00	3.345235e+00	0.000000e+00	0.000000e+00	0.000000e+00
3.345235e+00	3.383686e+00	0.000000e+00	0.000000e+00	0.000000e+00
3.383686e+00	3.422137e+00	0.000000e+00	0.000000e+00	0.000000e+00
3.422137e+00	3.460588e+00	0.000000e+00	0.000000e+00	0.000000e+00
3.460588e+00	3.499039e+00	0.000000e+00	0.000000e+00	0.000000e+00
3.499039e+00	3.537490e+00	0.000000e+00	0.000000e+00	0.000000e+00
3.537490e+00	3.575941e+00	0.000000e+00	0.000000e+00	0.000000e+00
3.575941e+00	3.614392e+00	0.000000e+00	0.000000e+00	0.000000e+00
3.614392e+00	3.652843e+00	0.000000e+00	0.000000e+00	0.000000e+00
3.652843e+00	3.691294e+00	0.000000e+00	0.000000e+00	0.000000e+00
3.691294e+00	3.729745e+00	0.000000e+00	0.000000e+00	0.000000e+00
3.729745e+00	3.768196e+00	0.000000e+00	0.000000e+00	0.000000e+00
3.768196e+00	3.806647e+00	0.000000e+00	0.000000e+00	0.000000e+00
3.806647e+00	3.845098e+00	0.000000e+00	0.000000e+00	0.000000e+00
# END HISTO1D


# BEGIN HISTO1D //home/hschulz/tex/HPC_Merging/8240/Wp_maxjet_9/Wp9.yoda/PP_JetRates/log10_d_89
LineColor={[HTML]{AB00E5}}
LineStyle=solid
Path=//home/hschulz/tex/HPC_Merging/8240/Wp_maxjet_9/Wp9.yoda/PP_JetRates/log10_d_89
Title=$ 9j$
XLabel=~
YLabel=~
# xlow	 xhigh	 val	 errminus	 errplus
0.000000e+00	3.845098e-02	0.000000e+00	0.000000e+00	0.000000e+00
3.845098e-02	7.690196e-02	0.000000e+00	0.000000e+00	0.000000e+00
7.690196e-02	1.153529e-01	0.000000e+00	0.000000e+00	0.000000e+00
1.153529e-01	1.538039e-01	0.000000e+00	0.000000e+00	0.000000e+00
1.538039e-01	1.922549e-01	0.000000e+00	0.000000e+00	0.000000e+00
1.922549e-01	2.307059e-01	0.000000e+00	0.000000e+00	0.000000e+00
2.307059e-01	2.691569e-01	0.000000e+00	0.000000e+00	0.000000e+00
2.691569e-01	3.076078e-01	0.000000e+00	0.000000e+00	0.000000e+00
3.076078e-01	3.460588e-01	0.000000e+00	0.000000e+00	0.000000e+00
3.460588e-01	3.845098e-01	0.000000e+00	0.000000e+00	0.000000e+00
3.845098e-01	4.229608e-01	0.000000e+00	0.000000e+00	0.000000e+00
4.229608e-01	4.614118e-01	0.000000e+00	0.000000e+00	0.000000e+00
4.614118e-01	4.998627e-01	0.000000e+00	0.000000e+00	0.000000e+00
4.998627e-01	5.383137e-01	0.000000e+00	0.000000e+00	0.000000e+00
5.383137e-01	5.767647e-01	0.000000e+00	0.000000e+00	0.000000e+00
5.767647e-01	6.152157e-01	0.000000e+00	0.000000e+00	0.000000e+00
6.152157e-01	6.536667e-01	0.000000e+00	0.000000e+00	0.000000e+00
6.536667e-01	6.921176e-01	2.755813e-04	1.620287e-04	1.620287e-04
6.921176e-01	7.305686e-01	2.177215e-04	2.177216e-04	2.177216e-04
7.305686e-01	7.690196e-01	1.506823e-04	1.136019e-04	1.136019e-04
7.690196e-01	8.074706e-01	4.538933e-03	4.064824e-03	4.064824e-03
8.074706e-01	8.459216e-01	1.340757e-03	3.163683e-04	3.163683e-04
8.459216e-01	8.843725e-01	5.763899e-03	1.242959e-03	1.242959e-03
8.843725e-01	9.228235e-01	1.182882e-02	1.801060e-03	1.801060e-03
9.228235e-01	9.612745e-01	2.775072e-02	6.557448e-03	6.557448e-03
9.612745e-01	9.997255e-01	5.368105e-02	6.298994e-03	6.298994e-03
9.997255e-01	1.038176e+00	5.895559e-02	4.496508e-03	4.496508e-03
1.038176e+00	1.076627e+00	1.373160e-01	3.601595e-02	3.601595e-02
1.076627e+00	1.115078e+00	1.191038e-01	8.466819e-03	8.466819e-03
1.115078e+00	1.153529e+00	1.416791e-01	1.109313e-02	1.109313e-02
1.153529e+00	1.191980e+00	1.610193e-01	9.871015e-03	9.871015e-03
1.191980e+00	1.230431e+00	3.478976e-01	1.811955e-01	1.811955e-01
1.230431e+00	1.268882e+00	1.572214e-01	9.158804e-03	9.158804e-03
1.268882e+00	1.307333e+00	1.625147e-01	1.487888e-02	1.487888e-02
1.307333e+00	1.345784e+00	1.279837e-01	6.977222e-03	6.977222e-03
1.345784e+00	1.384235e+00	1.075486e-01	4.459700e-03	4.459700e-03
1.384235e+00	1.422686e+00	1.021231e-01	1.177135e-02	1.177135e-02
1.422686e+00	1.461137e+00	6.284099e-02	2.336556e-03	2.336556e-03
1.461137e+00	1.499588e+00	4.850280e-02	1.978572e-03	1.978572e-03
1.499588e+00	1.538039e+00	3.705404e-02	1.921453e-03	1.921453e-03
1.538039e+00	1.576490e+00	2.760313e-02	1.286064e-03	1.286064e-03
1.576490e+00	1.614941e+00	1.755165e-02	1.206697e-03	1.206697e-03
1.614941e+00	1.653392e+00	1.415940e-02	3.320084e-03	3.320084e-03
1.653392e+00	1.691843e+00	8.764290e-03	6.871216e-04	6.871216e-04
1.691843e+00	1.730294e+00	4.630753e-03	4.491323e-04	4.491323e-04
1.730294e+00	1.768745e+00	3.264191e-03	3.408852e-04	3.408852e-04
1.768745e+00	1.807196e+00	1.501167e-03	2.303128e-04	2.303128e-04
1.807196e+00	1.845647e+00	1.136274e-03	1.967551e-04	1.967551e-04
1.845647e+00	1.884098e+00	5.452339e-04	1.247685e-04	1.247685e-04
1.884098e+00	1.922549e+00	2.100872e-04	7.805462e-05	7.805462e-05
1.922549e+00	1.961000e+00	1.286734e-04	6.146273e-05	6.146273e-05
1.961000e+00	1.999451e+00	0.000000e+00	0.000000e+00	0.000000e+00
1.999451e+00	2.037902e+00	4.244303e-05	3.124444e-05	3.124444e-05
2.037902e+00	2.076353e+00	0.000000e+00	0.000000e+00	0.000000e+00
2.076353e+00	2.114804e+00	2.104973e-05	2.104973e-05	2.104973e-05
2.114804e+00	2.153255e+00	0.000000e+00	0.000000e+00	0.000000e+00
2.153255e+00	2.191706e+00	0.000000e+00	0.000000e+00	0.000000e+00
2.191706e+00	2.230157e+00	0.000000e+00	0.000000e+00	0.000000e+00
2.230157e+00	2.268608e+00	0.000000e+00	0.000000e+00	0.000000e+00
2.268608e+00	2.307059e+00	0.000000e+00	0.000000e+00	0.000000e+00
2.307059e+00	2.345510e+00	0.000000e+00	0.000000e+00	0.000000e+00
2.345510e+00	2.383961e+00	0.000000e+00	0.000000e+00	0.000000e+00
2.383961e+00	2.422412e+00	0.000000e+00	0.000000e+00	0.000000e+00
2.422412e+00	2.460863e+00	0.000000e+00	0.000000e+00	0.000000e+00
2.460863e+00	2.499314e+00	0.000000e+00	0.000000e+00	0.000000e+00
2.499314e+00	2.537765e+00	0.000000e+00	0.000000e+00	0.000000e+00
2.537765e+00	2.576216e+00	0.000000e+00	0.000000e+00	0.000000e+00
2.576216e+00	2.614667e+00	0.000000e+00	0.000000e+00	0.000000e+00
2.614667e+00	2.653118e+00	0.000000e+00	0.000000e+00	0.000000e+00
2.653118e+00	2.691569e+00	0.000000e+00	0.000000e+00	0.000000e+00
2.691569e+00	2.730020e+00	0.000000e+00	0.000000e+00	0.000000e+00
2.730020e+00	2.768471e+00	0.000000e+00	0.000000e+00	0.000000e+00
2.768471e+00	2.806922e+00	0.000000e+00	0.000000e+00	0.000000e+00
2.806922e+00	2.845373e+00	0.000000e+00	0.000000e+00	0.000000e+00
2.845373e+00	2.883824e+00	0.000000e+00	0.000000e+00	0.000000e+00
2.883824e+00	2.922275e+00	0.000000e+00	0.000000e+00	0.000000e+00
2.922275e+00	2.960725e+00	0.000000e+00	0.000000e+00	0.000000e+00
2.960725e+00	2.999176e+00	0.000000e+00	0.000000e+00	0.000000e+00
2.999176e+00	3.037627e+00	0.000000e+00	0.000000e+00	0.000000e+00
3.037627e+00	3.076078e+00	0.000000e+00	0.000000e+00	0.000000e+00
3.076078e+00	3.114529e+00	0.000000e+00	0.000000e+00	0.000000e+00
3.114529e+00	3.152980e+00	0.000000e+00	0.000000e+00	0.000000e+00
3.152980e+00	3.191431e+00	0.000000e+00	0.000000e+00	0.000000e+00
3.191431e+00	3.229882e+00	0.000000e+00	0.000000e+00	0.000000e+00
3.229882e+00	3.268333e+00	0.000000e+00	0.000000e+00	0.000000e+00
3.268333e+00	3.306784e+00	0.000000e+00	0.000000e+00	0.000000e+00
3.306784e+00	3.345235e+00	0.000000e+00	0.000000e+00	0.000000e+00
3.345235e+00	3.383686e+00	0.000000e+00	0.000000e+00	0.000000e+00
3.383686e+00	3.422137e+00	0.000000e+00	0.000000e+00	0.000000e+00
3.422137e+00	3.460588e+00	0.000000e+00	0.000000e+00	0.000000e+00
3.460588e+00	3.499039e+00	0.000000e+00	0.000000e+00	0.000000e+00
3.499039e+00	3.537490e+00	0.000000e+00	0.000000e+00	0.000000e+00
3.537490e+00	3.575941e+00	0.000000e+00	0.000000e+00	0.000000e+00
3.575941e+00	3.614392e+00	0.000000e+00	0.000000e+00	0.000000e+00
3.614392e+00	3.652843e+00	0.000000e+00	0.000000e+00	0.000000e+00
3.652843e+00	3.691294e+00	0.000000e+00	0.000000e+00	0.000000e+00
3.691294e+00	3.729745e+00	0.000000e+00	0.000000e+00	0.000000e+00
3.729745e+00	3.768196e+00	0.000000e+00	0.000000e+00	0.000000e+00
3.768196e+00	3.806647e+00	0.000000e+00	0.000000e+00	0.000000e+00
3.806647e+00	3.845098e+00	0.000000e+00	0.000000e+00	0.000000e+00
# END HISTO1D

